x1,y1,x2,y2,x3,y3
1.0,0.0,-0.15032960581955973,0.325685625726754,-0.8496703941804402,-0.325685625726754
1.0,0.0,-0.07493886168302744,0.1171666385321381,-0.9250611383169726,-0.1171666385321381
1.0,0.0,-0.14570703898432494,0.2969653347785201,-0.8542929610156751,-0.2969653347785201
1.0,0.0,-0.25842065678764375,0.6825167166312289,-0.7415793432123563,-0.6825167166312289
1.0,0.0,-0.39164749754864336,0.19542476538752648,-0.6083525024513566,-0.19542476538752648
1.0,0.0,-0.2789814105901719,0.43865324559530794,-0.7210185894098281,-0.43865324559530794
1.0,0.0,-0.1460352875838848,0.050500510493137606,-0.8539647124161152,-0.050500510493137606
1.0,0.0,-0.2527136252812999,0.502737690205385,-0.7472863747187001,-0.502737690205385
1.0,0.0,-0.05268623454276688,0.7973385970111118,-0.9473137654572331,-0.7973385970111118
1.0,0.0,-0.18043102136712852,0.09834135022100575,-0.8195689786328715,-0.09834135022100575
1.0,0.0,-0.011337761597078999,0.005714645999118519,-0.988662238402921,-0.005714645999118519
1.0,0.0,-0.005192828461084709,0.006682159755247498,-0.9948071715389153,-0.006682159755247498
1.0,0.0,-0.23318176136495355,0.3665114411388575,-0.7668182386350464,-0.3665114411388575
1.0,0.0,-0.4254839187662693,0.6202157725957728,-0.5745160812337307,-0.6202157725957728
1.0,0.0,-0.049184841307223615,0.008801159370465887,-0.9508151586927764,-0.008801159370465887
1.0,0.0,-0.023459678890744184,0.008877446197217972,-0.9765403211092558,-0.008877446197217972
1.0,0.0,-0.3423302864147228,0.4309985383157044,-0.6576697135852771,-0.4309985383157044
1.0,0.0,-0.19790323986333952,0.8957218716725582,-0.8020967601366604,-0.8957218716725582
1.0,0.0,-0.06521125178308275,0.25129655299232684,-0.9347887482169173,-0.25129655299232684
1.0,0.0,-0.37927369169846104,0.4365505526807463,-0.620726308301539,-0.4365505526807463
1.0,0.0,-0.2226505199203438,0.23260897314462295,-0.7773494800796562,-0.23260897314462295
1.0,0.0,-0.3109497027912831,0.18428760470729189,-0.6890502972087169,-0.18428760470729189
1.0,0.0,-0.3286471930765267,0.9040356213599088,-0.6713528069234733,-0.9040356213599088
1.0,0.0,-0.20308243977280072,0.2963480133853106,-0.7969175602271993,-0.2963480133853106
1.0,0.0,-0.2131301191190635,0.2522703266088645,-0.7868698808809365,-0.2522703266088645
1.0,0.0,-0.34747412444507536,0.14358857727613655,-0.6525258755549246,-0.14358857727613655
1.0,0.0,-0.09926416651720708,0.2340623723846374,-0.900735833482793,-0.2340623723846374
1.0,0.0,-0.3735124964361604,0.2674538218048112,-0.6264875035638395,-0.2674538218048112
1.0,0.0,-0.29121454474858105,0.04673266495806343,-0.708785455251419,-0.04673266495806343
1.0,0.0,-0.12450040780600924,0.19908388444893169,-0.8754995921939908,-0.19908388444893169
1.0,0.0,-0.00314621285966743,0.005038702500174458,-0.9968537871403326,-0.005038702500174458
1.0,0.0,-0.3021323291956693,0.09437739236997192,-0.6978676708043308,-0.09437739236997192
1.0,0.0,-0.1901452542365516,0.10064444646404766,-0.8098547457634484,-0.10064444646404766
1.0,0.0,-0.25069385035432074,0.5753424236783943,-0.7493061496456792,-0.5753424236783943
1.0,0.0,-0.38827557664421203,0.1700375113109942,-0.6117244233557879,-0.1700375113109942
1.0,0.0,-0.207623783225941,0.4749844322473116,-0.792376216774059,-0.4749844322473116
1.0,0.0,-0.42306270369548304,0.21882099159265025,-0.576937296304517,-0.21882099159265025
1.0,0.0,-0.4896562320984871,0.19341370760349277,-0.5103437679015129,-0.19341370760349277
1.0,0.0,-0.26656356541393883,0.49078472566765,-0.7334364345860611,-0.49078472566765
1.0,0.0,-0.11357515588390377,0.028111065301284245,-0.8864248441160962,-0.028111065301284245
1.0,0.0,-0.23215025072450146,0.7632445552335525,-0.7678497492754985,-0.7632445552335525
1.0,0.0,-0.10134173686823056,0.1715349004812952,-0.8986582631317694,-0.1715349004812952
1.0,0.0,-0.40076005789346464,0.46118811909285784,-0.5992399421065353,-0.46118811909285784
1.0,0.0,-0.08962476509377865,0.040922994619801936,-0.9103752349062213,-0.040922994619801936
1.0,0.0,-0.3968175526735048,0.5760702688168494,-0.6031824473264952,-0.5760702688168494
1.0,0.0,-0.05135407294844252,0.003598754944843241,-0.9486459270515575,-0.003598754944843241
1.0,0.0,-0.061120113617906376,0.20930298003293707,-0.9388798863820936,-0.20930298003293707
1.0,0.0,-0.330750909541397,0.09759371191576956,-0.669249090458603,-0.09759371191576956
1.0,0.0,-0.031728777663227126,0.03500243712801458,-0.9682712223367729,-0.03500243712801458
1.0,0.0,-0.2359909731023069,0.9125003935707782,-0.7640090268976931,-0.9125003935707782
1.0,0.0,-0.4034589430593205,0.12529999438917877,-0.5965410569406795,-0.12529999438917877
1.0,0.0,-0.25162349421932817,0.22241092892384007,-0.7483765057806718,-0.22241092892384007
1.0,0.0,-0.0008023868645444545,0.0035315710817992825,-0.9991976131354555,-0.0035315710817992825
1.0,0.0,-0.11911246309462015,0.002206102105576674,-0.8808875369053799,-0.002206102105576674
1.0,0.0,-0.1798437860810072,0.057944663295622346,-0.8201562139189928,-0.057944663295622346
1.0,0.0,-0.36334454857133375,0.0327580131965812,-0.6366554514286662,-0.0327580131965812
1.0,0.0,-0.3495040625885685,0.4885258747111561,-0.6504959374114315,-0.4885258747111561
1.0,0.0,-0.42534271706147314,0.3614806216349076,-0.5746572829385268,-0.3614806216349076
1.0,0.0,-0.3550343389749821,0.520083330528518,-0.6449656610250178,-0.520083330528518
1.0,0.0,-0.14990122717731963,0.027692287114739377,-0.8500987728226803,-0.027692287114739377
1.0,0.0,-0.3670134745492033,0.626377515565702,-0.6329865254507967,-0.626377515565702
1.0,0.0,-0.16842380522625125,0.6644637216858462,-0.8315761947737488,-0.6644637216858462
1.0,0.0,-0.1611748765470798,0.7701277854359692,-0.8388251234529203,-0.7701277854359692
1.0,0.0,-0.35714680302650315,0.1625690876321587,-0.6428531969734969,-0.1625690876321587
1.0,0.0,-0.1432836744652235,0.002691614872341563,-0.8567163255347765,-0.002691614872341563
1.0,0.0,-0.29075929358602,0.2471280366090011,-0.7092407064139801,-0.2471280366090011
1.0,0.0,-0.11265076672051764,0.741636661073652,-0.8873492332794823,-0.741636661073652
1.0,0.0,-0.22047910572557278,0.3686258708760171,-0.7795208942744272,-0.3686258708760171
1.0,0.0,-0.06811956339802444,0.04318672546444558,-0.9318804366019755,-0.04318672546444558
1.0,0.0,-0.3782044290366063,0.6992776438949795,-0.6217955709633938,-0.6992776438949795
1.0,0.0,-0.2130279496778868,0.2446409204665272,-0.7869720503221131,-0.2446409204665272
1.0,0.0,-0.30270266871202506,0.7395014955592664,-0.6972973312879749,-0.7395014955592664
1.0,0.0,-0.0299900654536239,0.2672118956580132,-0.9700099345463761,-0.2672118956580132
1.0,0.0,-0.04129016723279611,0.3989067627742689,-0.9587098327672039,-0.3989067627742689
1.0,0.0,-0.04865230426255884,0.047047164815509225,-0.9513476957374412,-0.047047164815509225
1.0,0.0,-0.37831144224896873,0.6609587113863937,-0.6216885577510313,-0.6609587113863937
1.0,0.0,-0.17303866120092243,0.008618456888616052,-0.8269613387990775,-0.008618456888616052
1.0,0.0,-0.17696230100174298,0.6751724871120661,-0.8230376989982571,-0.6751724871120661
1.0,0.0,-0.031789170409870615,0.05398748573153761,-0.9682108295901294,-0.05398748573153761
1.0,0.0,-0.09858285793269128,0.9028348989985328,-0.9014171420673087,-0.9028348989985328
1.0,0.0,-0.007902956794952176,0.001993646337325623,-0.9920970432050478,-0.001993646337325623
1.0,0.0,-0.009184958047676077,0.018854028038734053,-0.990815041952324,-0.018854028038734053
1.0,0.0,-0.23684591701062285,0.2963201865283107,-0.7631540829893771,-0.2963201865283107
1.0,0.0,-0.006968005227608993,0.03278607034943473,-0.993031994772391,-0.03278607034943473
1.0,0.0,-0.07926220027107478,0.16825226116342382,-0.9207377997289252,-0.16825226116342382
1.0,0.0,-0.09444214085441821,0.03910001377294863,-0.9055578591455817,-0.03910001377294863
1.0,0.0,-0.38040255987368743,0.7218382787607507,-0.6195974401263126,-0.7218382787607507
1.0,0.0,-0.46850870070580586,0.4840029431885848,-0.5314912992941941,-0.4840029431885848
1.0,0.0,-0.36456774861265046,0.5349911624024373,-0.6354322513873496,-0.5349911624024373
1.0,0.0,-0.3351660112651191,0.4364700647662512,-0.6648339887348809,-0.4364700647662512
1.0,0.0,-0.4769862397519043,0.19305982881921288,-0.5230137602480958,-0.19305982881921288
1.0,0.0,-0.2696711610068588,0.2882355221576751,-0.7303288389931413,-0.2882355221576751
1.0,0.0,-0.1229647206915172,0.18133943700970523,-0.8770352793084828,-0.18133943700970523
1.0,0.0,-0.06200306571888642,0.09034906879123031,-0.9379969342811136,-0.09034906879123031
1.0,0.0,-0.48591528561918573,0.26909721847341295,-0.5140847143808143,-0.26909721847341295
1.0,0.0,-0.3706731956684212,0.31615676538508064,-0.6293268043315787,-0.31615676538508064
1.0,0.0,-0.49838440441617765,0.4363824016412845,-0.5016155955838224,-0.4363824016412845
1.0,0.0,-0.43472800660591376,0.5657970923995342,-0.5652719933940862,-0.5657970923995342
1.0,0.0,-0.09554810649692487,0.22396914670763948,-0.9044518935030751,-0.22396914670763948
1.0,0.0,-0.11747221267895713,0.06175237224318629,-0.8825277873210429,-0.06175237224318629
1.0,0.0,-0.12224706045291557,0.24470318490968607,-0.8777529395470844,-0.24470318490968607
1.0,0.0,-0.33633080509771146,0.29383680495901565,-0.6636691949022886,-0.29383680495901565
1.0,0.0,-0.0010016957787281552,0.002524478767920511,-0.9989983042212719,-0.002524478767920511
1.0,0.0,-0.09835540729135533,0.14624877505006284,-0.9016445927086447,-0.14624877505006284
1.0,0.0,-0.41177530935153595,0.071325404523978,-0.588224690648464,-0.071325404523978
1.0,0.0,-0.12847204766980563,0.08388854010176706,-0.8715279523301944,-0.08388854010176706
1.0,0.0,-0.1489500729677204,0.1858157869058038,-0.8510499270322796,-0.1858157869058038
1.0,0.0,-0.05293592180357948,0.06566241841221677,-0.9470640781964206,-0.06566241841221677
1.0,0.0,-0.08785310559332829,0.5163584787802892,-0.9121468944066717,-0.5163584787802892
1.0,0.0,-0.11452249727156216,0.13181724633131273,-0.8854775027284378,-0.13181724633131273
1.0,0.0,-0.0938296456693893,0.29239322123475825,-0.9061703543306107,-0.29239322123475825
1.0,0.0,-0.27892732568780715,0.299032001984452,-0.7210726743121929,-0.299032001984452
1.0,0.0,-0.01882729458155885,0.024803479343883404,-0.9811727054184411,-0.024803479343883404
1.0,0.0,-0.10745231397680521,0.18519506689248408,-0.8925476860231948,-0.18519506689248408
1.0,0.0,-0.26861438512556096,0.8264183915992999,-0.7313856148744391,-0.8264183915992999
1.0,0.0,-0.11179492519727668,0.16810784487389602,-0.8882050748027233,-0.16810784487389602
1.0,0.0,-0.39251941343342567,0.5857441774070837,-0.6074805865665743,-0.5857441774070837
1.0,0.0,-0.22369062069668577,0.34601013956375126,-0.7763093793033142,-0.34601013956375126
1.0,0.0,-0.4565491165441076,0.49394866792936126,-0.5434508834558924,-0.49394866792936126
1.0,0.0,-0.47356477322784485,0.4504316658075695,-0.5264352267721552,-0.4504316658075695
1.0,0.0,-0.0572731141378261,0.05710559420104747,-0.9427268858621739,-0.05710559420104747
1.0,0.0,-0.09772800390237413,0.09506927482830443,-0.9022719960976259,-0.09506927482830443
1.0,0.0,-0.16482428353487533,0.3680845700646836,-0.8351757164651247,-0.3680845700646836
1.0,0.0,-0.09846616591439812,0.3561385516142529,-0.9015338340856018,-0.3561385516142529
1.0,0.0,-0.02004943116636143,0.033291246743724814,-0.9799505688336385,-0.033291246743724814
1.0,0.0,-0.15183211729885626,0.25066271950815855,-0.8481678827011437,-0.25066271950815855
1.0,0.0,-0.22149490932238536,0.29438353498444525,-0.7785050906776146,-0.29438353498444525
1.0,0.0,-0.04699318433631039,0.07881146045672846,-0.9530068156636896,-0.07881146045672846
1.0,0.0,-0.019049208631114475,0.19341081574646912,-0.9809507913688855,-0.19341081574646912
1.0,0.0,-0.12127816203490382,0.10781078425831653,-0.8787218379650962,-0.10781078425831653
1.0,0.0,-0.13394443600597356,0.5324958886625666,-0.8660555639940264,-0.5324958886625666
1.0,0.0,-0.03737697989470994,0.5807736229983298,-0.9626230201052901,-0.5807736229983298
1.0,0.0,-0.2858026888929851,0.3550379585299361,-0.7141973111070149,-0.3550379585299361
1.0,0.0,-0.45942408068969726,0.1769037374281923,-0.5405759193103028,-0.1769037374281923
1.0,0.0,-0.07152728694342042,0.1226112880657981,-0.9284727130565795,-0.1226112880657981
1.0,0.0,-0.20648477959608968,0.304858847291098,-0.7935152204039103,-0.304858847291098
1.0,0.0,-0.06994548312820259,0.01507394293999924,-0.9300545168717974,-0.01507394293999924
1.0,0.0,-0.3412348934709377,0.10760963466386665,-0.6587651065290623,-0.10760963466386665
1.0,0.0,-0.2582428821858229,0.3752585100289625,-0.7417571178141771,-0.3752585100289625
1.0,0.0,-0.002202045391338245,0.1601661334145402,-0.9977979546086617,-0.1601661334145402
1.0,0.0,-0.17615525280160177,0.27124055065379093,-0.8238447471983983,-0.27124055065379093
1.0,0.0,-0.0877964237722938,0.014071202644087857,-0.9122035762277062,-0.014071202644087857
1.0,0.0,-0.4785284831659837,0.2058986350675664,-0.5214715168340163,-0.2058986350675664
1.0,0.0,-0.08578665327267204,0.021519680187583233,-0.9142133467273279,-0.021519680187583233
1.0,0.0,-0.3848984164095439,0.14794814247393567,-0.6151015835904561,-0.14794814247393567
1.0,0.0,-0.28984871771801385,0.13709618195374462,-0.7101512822819862,-0.13709618195374462
1.0,0.0,-0.2949049006705041,0.04533641103262932,-0.7050950993294959,-0.04533641103262932
1.0,0.0,-0.2028647565313259,0.20956064417614093,-0.797135243468674,-0.20956064417614093
1.0,0.0,-0.07224534584037362,0.047038211297669934,-0.9277546541596264,-0.047038211297669934
1.0,0.0,-0.047562340527274816,0.0023132415348472127,-0.9524376594727252,-0.0023132415348472127
1.0,0.0,-0.4987355647631812,0.3746304838349352,-0.5012644352368187,-0.3746304838349352
1.0,0.0,-0.018796404177017865,0.18169383074926568,-0.9812035958229821,-0.18169383074926568
1.0,0.0,-0.30863237910470614,0.5126865595843756,-0.6913676208952939,-0.5126865595843756
1.0,0.0,-0.25216770519630094,0.40354486819689606,-0.7478322948036991,-0.40354486819689606
1.0,0.0,-0.3157960720466853,0.4352102464917198,-0.6842039279533147,-0.4352102464917198
1.0,0.0,-0.06608999325914922,0.010944386514935288,-0.9339100067408508,-0.010944386514935288
1.0,0.0,-0.4772276258518975,0.7153672784172824,-0.5227723741481025,-0.7153672784172824
1.0,0.0,-0.18462608537678146,0.952391182914316,-0.8153739146232185,-0.952391182914316
1.0,0.0,-0.08742621933132293,0.39686198960466024,-0.9125737806686771,-0.39686198960466024
1.0,0.0,-0.0463402886543685,0.16626415679571466,-0.9536597113456315,-0.16626415679571466
1.0,0.0,-0.32499605930542835,0.8328450834217854,-0.6750039406945716,-0.8328450834217854
1.0,0.0,-0.14157584188991484,0.10480474970485046,-0.8584241581100851,-0.10480474970485046
1.0,0.0,-0.020386406908669063,0.18227648902372365,-0.9796135930913309,-0.18227648902372365
1.0,0.0,-0.058987956664775625,0.533702408986069,-0.9410120433352244,-0.533702408986069
1.0,0.0,-0.06430727717673539,0.12692761339855776,-0.9356927228232647,-0.12692761339855776
1.0,0.0,-0.4035186147794182,0.6668808368683621,-0.5964813852205818,-0.6668808368683621
1.0,0.0,-0.0156787276308315,0.017081923551202808,-0.9843212723691686,-0.017081923551202808
1.0,0.0,-0.1624549180559789,0.15880398305303609,-0.8375450819440211,-0.15880398305303609
1.0,0.0,-0.05832089703785753,0.06306244302201147,-0.9416791029621425,-0.06306244302201147
1.0,0.0,-0.4187157101352926,0.5065773431054867,-0.5812842898647075,-0.5065773431054867
1.0,0.0,-0.38014964677839147,0.6447695402831171,-0.6198503532216085,-0.6447695402831171
1.0,0.0,-0.22011401011607024,0.5618417634095827,-0.7798859898839298,-0.5618417634095827
1.0,0.0,-0.27249281658508157,0.4419346673064679,-0.7275071834149185,-0.4419346673064679
1.0,0.0,-0.22046127476718613,0.036308476632260216,-0.7795387252328139,-0.036308476632260216
1.0,0.0,-0.38683229388223167,0.05389483464261086,-0.6131677061177683,-0.05389483464261086
1.0,0.0,-0.20124616215469,0.1933204307783016,-0.7987538378453101,-0.1933204307783016
1.0,0.0,-0.030364800569976147,0.030870436837826754,-0.9696351994300239,-0.030870436837826754
1.0,0.0,-0.126070202506511,0.324014074750268,-0.873929797493489,-0.324014074750268
1.0,0.0,-0.20526614026011125,0.2948236948092684,-0.7947338597398887,-0.2948236948092684
1.0,0.0,-0.03299352976440567,0.07162339093048282,-0.9670064702355943,-0.07162339093048282
1.0,0.0,-0.024385908678630597,0.04885755068155123,-0.9756140913213694,-0.04885755068155123
1.0,0.0,-0.17393754556915905,0.47550146406409155,-0.8260624544308409,-0.47550146406409155
1.0,0.0,-0.3717958579361527,0.03366220516930252,-0.6282041420638473,-0.03366220516930252
1.0,0.0,-0.026070367613327095,0.035649019897497046,-0.9739296323866728,-0.035649019897497046
1.0,0.0,-0.1860795261951977,0.03058997177026971,-0.8139204738048023,-0.03058997177026971
1.0,0.0,-0.08693951701127717,0.09049922410757993,-0.9130604829887228,-0.09049922410757993
1.0,0.0,-0.42317678330952063,0.44116766147317105,-0.5768232166904794,-0.44116766147317105
1.0,0.0,-0.45190056042915794,0.586950692422715,-0.5480994395708421,-0.586950692422715
1.0,0.0,-0.22758339462661692,0.29140840972231813,-0.7724166053733831,-0.29140840972231813
1.0,0.0,-0.0992205662284581,0.08882686102943149,-0.9007794337715419,-0.08882686102943149
1.0,0.0,-0.35696223538513056,0.5130480956778931,-0.6430377646148695,-0.5130480956778931
1.0,0.0,-0.049584282267486464,0.7504536581999327,-0.9504157177325135,-0.7504536581999327
1.0,0.0,-0.08261370580573468,0.0017890344673614214,-0.9173862941942653,-0.0017890344673614214
1.0,0.0,-0.06696336523608659,0.44725935954666357,-0.9330366347639134,-0.44725935954666357
1.0,0.0,-0.41633857121027557,0.7752063157608503,-0.5836614287897244,-0.7752063157608503
1.0,0.0,-0.0016686123566106684,0.8166569313824618,-0.9983313876433894,-0.8166569313824618
1.0,0.0,-0.40040679086032177,0.5947348539586594,-0.5995932091396783,-0.5947348539586594
1.0,0.0,-0.06286522117114968,0.09333839833622994,-0.9371347788288503,-0.09333839833622994
1.0,0.0,-0.18667042525111438,0.11450761732963348,-0.8133295747488856,-0.11450761732963348
1.0,0.0,-0.19829599078924737,0.0356143589398006,-0.8017040092107526,-0.0356143589398006
1.0,0.0,-0.35966648523214667,0.27344911273994343,-0.6403335147678533,-0.27344911273994343
1.0,0.0,-0.39272886405929597,0.31838456050867964,-0.607271135940704,-0.31838456050867964
1.0,0.0,-0.08791172352154807,0.5727852575897217,-0.9120882764784519,-0.5727852575897217
1.0,0.0,-0.25982527117047133,0.2063877958268994,-0.7401747288295286,-0.2063877958268994
1.0,0.0,-0.39548713623645326,0.37690788382744106,-0.6045128637635467,-0.37690788382744106
1.0,0.0,-0.1718158519025112,0.4491618231443434,-0.8281841480974887,-0.4491618231443434
1.0,0.0,-0.07871269765165871,0.536787092242333,-0.9212873023483413,-0.536787092242333
1.0,0.0,-0.012579042486189936,0.09219470920025774,-0.9874209575138101,-0.09219470920025774
1.0,0.0,-0.4410418293741623,0.2921984887946942,-0.5589581706258377,-0.2921984887946942
1.0,0.0,-0.2733930518048229,0.525369570816852,-0.7266069481951771,-0.525369570816852
1.0,0.0,-0.46205389121553536,0.17164256057065172,-0.5379461087844646,-0.17164256057065172
1.0,0.0,-0.03398725688358755,0.12819049823499595,-0.9660127431164125,-0.12819049823499595
1.0,0.0,-0.2516987954656029,0.4372581125936455,-0.7483012045343971,-0.4372581125936455
1.0,0.0,-0.257853862669105,0.11796615028549484,-0.7421461373308951,-0.11796615028549484
1.0,0.0,-0.04901586801072485,0.9851547058183514,-0.9509841319892751,-0.9851547058183514
1.0,0.0,-0.15752493082009195,0.039667373307145155,-0.8424750691799081,-0.039667373307145155
1.0,0.0,-0.0009435431568334049,0.006353633754998548,-0.9990564568431666,-0.006353633754998548
1.0,0.0,-0.30820377147963646,0.22879612465970017,-0.6917962285203636,-0.22879612465970017
1.0,0.0,-0.13708577211797313,0.05292936295683795,-0.8629142278820269,-0.05292936295683795
1.0,0.0,-0.17405650438994003,0.3527443379166654,-0.82594349561006,-0.3527443379166654
1.0,0.0,-0.009342818054217217,0.026719809502893897,-0.9906571819457828,-0.026719809502893897
1.0,0.0,-0.28237697331904227,0.02359344556406064,-0.7176230266809578,-0.02359344556406064
1.0,0.0,-0.3414899432090095,0.5560772993421901,-0.6585100567909905,-0.5560772993421901
1.0,0.0,-0.22247775190210145,0.16853425698615884,-0.7775222480978985,-0.16853425698615884
1.0,0.0,-0.06345050659565887,0.14970453516589222,-0.9365494934043411,-0.14970453516589222
1.0,0.0,-0.3291392679574025,0.5791326705194971,-0.6708607320425974,-0.5791326705194971
1.0,0.0,-0.049716199742429,0.23441273593567974,-0.950283800257571,-0.23441273593567974
1.0,0.0,-0.16493983867784973,0.15874676581720054,-0.8350601613221502,-0.15874676581720054
1.0,0.0,-0.034043756363647475,0.15279059035328704,-0.9659562436363526,-0.15279059035328704
1.0,0.0,-0.4297739436364157,0.6452213565484268,-0.5702260563635844,-0.6452213565484268
1.0,0.0,-0.18620150239704497,0.5221427470803327,-0.8137984976029551,-0.5221427470803327
1.0,0.0,-0.2268636299404797,0.1383058010222564,-0.7731363700595203,-0.1383058010222564
1.0,0.0,-0.09364274979976156,0.14789642039712467,-0.9063572502002384,-0.14789642039712467
1.0,0.0,-0.3219551156194274,0.76510587498922,-0.6780448843805726,-0.76510587498922
1.0,0.0,-0.20748355853498648,0.6207620378149058,-0.7925164414650135,-0.6207620378149058
1.0,0.0,-0.24989064206882242,0.8791452162582116,-0.7501093579311776,-0.8791452162582116
1.0,0.0,-0.053230999579478744,0.014717852863474509,-0.9467690004205213,-0.014717852863474509
1.0,0.0,-0.28042603424464363,0.5026322787079401,-0.7195739657553564,-0.5026322787079401
1.0,0.0,-0.2367595782190332,0.0006323015432445036,-0.7632404217809667,-0.0006323015432445036
1.0,0.0,-0.003710076662581996,0.006278266647331919,-0.9962899233374181,-0.006278266647331919
1.0,0.0,-0.13526071686819335,0.27804614441239334,-0.8647392831318066,-0.27804614441239334
1.0,0.0,-0.3936488734842305,0.12892597262386357,-0.6063511265157695,-0.12892597262386357
1.0,0.0,-0.3112182715731273,0.45175185865622053,-0.6887817284268727,-0.45175185865622053
1.0,0.0,-0.2626434961001421,0.5990869155883479,-0.737356503899858,-0.5990869155883479
1.0,0.0,-0.26623264463737617,0.05290881391502721,-0.7337673553626238,-0.05290881391502721
1.0,0.0,-0.16596440009561705,0.5043890576185283,-0.8340355999043829,-0.5043890576185283
1.0,0.0,-0.037598808433958686,0.462094711703494,-0.9624011915660413,-0.462094711703494
1.0,0.0,-0.11542729998499908,0.6862137600515872,-0.8845727000150009,-0.6862137600515872
1.0,0.0,-0.3980329427741098,0.3206126303910239,-0.6019670572258902,-0.3206126303910239
1.0,0.0,-0.07337249219160859,0.19435809492634556,-0.9266275078083914,-0.19435809492634556
1.0,0.0,-0.16103019024828258,0.14944008900903497,-0.8389698097517174,-0.14944008900903497
1.0,0.0,-0.2678993795755765,0.2761235043976164,-0.7321006204244235,-0.2761235043976164
1.0,0.0,-0.16041507902832863,0.23339221896237525,-0.8395849209716714,-0.23339221896237525
1.0,0.0,-0.4507257088256264,0.6570144982260877,-0.5492742911743735,-0.6570144982260877
1.0,0.0,-0.2885498626762372,0.9430716168179364,-0.7114501373237627,-0.9430716168179364
1.0,0.0,-0.04130820531771491,0.6824802908786536,-0.958691794682285,-0.6824802908786536
1.0,0.0,-0.32727801402922146,0.2700544554801371,-0.6727219859707785,-0.2700544554801371
1.0,0.0,-0.01626021398307242,0.24198101751875192,-0.9837397860169276,-0.24198101751875192
1.0,0.0,-0.26201629893432704,0.4420779131818261,-0.7379837010656729,-0.4420779131818261
1.0,0.0,-0.25302099454146715,0.8615501071325072,-0.7469790054585328,-0.8615501071325072
1.0,0.0,-0.2746807951932823,0.6687080373848129,-0.7253192048067176,-0.6687080373848129
1.0,0.0,-0.012545121680584193,0.017421693287396293,-0.9874548783194158,-0.017421693287396293
1.0,0.0,-0.27704703561267363,0.08548536726125186,-0.7229529643873264,-0.08548536726125186
1.0,0.0,-0.23332645863017015,0.2791037037423635,-0.7666735413698298,-0.2791037037423635
1.0,0.0,-0.3581884513911802,0.46076011210725787,-0.6418115486088198,-0.46076011210725787
1.0,0.0,-0.2645628103039331,0.10064386059322875,-0.735437189696067,-0.10064386059322875
1.0,0.0,-0.42344100018583225,0.07798550717374558,-0.5765589998141678,-0.07798550717374558
1.0,0.0,-0.34593450932869396,0.4570259214695451,-0.654065490671306,-0.4570259214695451
1.0,0.0,-0.10894545811787221,0.12353963924698179,-0.8910545418821278,-0.12353963924698179
1.0,0.0,-0.45522430795517166,0.7724423229416502,-0.5447756920448283,-0.7724423229416502
1.0,0.0,-0.46500237609260614,0.8038457488346993,-0.5349976239073939,-0.8038457488346993
1.0,0.0,-0.12600919920260567,0.1156277203993075,-0.8739908007973943,-0.1156277203993075
1.0,0.0,-0.423677678030239,0.26980353481268154,-0.5763223219697611,-0.26980353481268154
1.0,0.0,-0.03625043841227432,0.06250915915476613,-0.9637495615877256,-0.06250915915476613
1.0,0.0,-0.3510810078324262,0.09855195512542925,-0.6489189921675738,-0.09855195512542925
1.0,0.0,-0.008624678099636018,0.012628939512141394,-0.991375321900364,-0.012628939512141394
1.0,0.0,-0.4782415356859947,0.4519346032876971,-0.5217584643140053,-0.4519346032876971
1.0,0.0,-0.06375867735622522,0.249606109961608,-0.9362413226437748,-0.249606109961608
1.0,0.0,-0.25264096633457067,0.4293231310008576,-0.7473590336654293,-0.4293231310008576
1.0,0.0,-0.4073284068557141,0.08771071449182068,-0.5926715931442859,-0.08771071449182068
1.0,0.0,-0.19391075277758085,0.3187402728665721,-0.8060892472224191,-0.3187402728665721
1.0,0.0,-0.03634246336344106,0.09000823036317993,-0.963657536636559,-0.09000823036317993
1.0,0.0,-0.22840135646848134,0.5917486518203755,-0.7715986435315186,-0.5917486518203755
1.0,0.0,-0.2847461960203082,0.4818960192458914,-0.7152538039796918,-0.4818960192458914
1.0,0.0,-0.2268487604023008,0.9142604355647242,-0.7731512395976992,-0.9142604355647242
1.0,0.0,-0.4687215396756042,0.6176469164016942,-0.5312784603243959,-0.6176469164016942
1.0,0.0,-0.417436112394238,0.3385211391085353,-0.5825638876057619,-0.3385211391085353
1.0,0.0,-0.1608274308384013,0.2780298574570326,-0.8391725691615988,-0.2780298574570326
1.0,0.0,-0.2930832911707798,0.34316414137156875,-0.7069167088292202,-0.34316414137156875
1.0,0.0,-0.01293333284678487,0.35641597797950253,-0.9870666671532151,-0.35641597797950253
1.0,0.0,-0.26624559571324474,0.12409098472513726,-0.7337544042867552,-0.12409098472513726
1.0,0.0,-0.07105349581483572,0.09938266800989207,-0.9289465041851643,-0.09938266800989207
1.0,0.0,-0.0015118224669342783,0.285458671607054,-0.9984881775330657,-0.285458671607054
1.0,0.0,-0.3998207459043303,0.12057752627826426,-0.6001792540956696,-0.12057752627826426
1.0,0.0,-0.3398046801107675,0.3616972252402084,-0.6601953198892325,-0.3616972252402084
1.0,0.0,-0.1691013761086368,0.044939979427405546,-0.8308986238913632,-0.044939979427405546
1.0,0.0,-0.13174036622488494,0.20884110668324346,-0.8682596337751151,-0.20884110668324346
1.0,0.0,-0.13104403215138166,0.004454100605132917,-0.8689559678486183,-0.004454100605132917
1.0,0.0,-0.09735978368002457,0.05333214489579733,-0.9026402163199754,-0.05333214489579733
1.0,0.0,-0.22477022518147405,0.07501220326839754,-0.775229774818526,-0.07501220326839754
1.0,0.0,-0.11927135146641693,0.08253240749945234,-0.880728648533583,-0.08253240749945234
1.0,0.0,-0.1805994123676859,0.2826706272665633,-0.819400587632314,-0.2826706272665633
1.0,0.0,-0.00780911219176067,0.007753540810022396,-0.9921908878082393,-0.007753540810022396
1.0,0.0,-0.1780699216687709,0.3472073190471077,-0.8219300783312291,-0.3472073190471077
1.0,0.0,-0.01691191073744681,0.033589547127266764,-0.9830880892625532,-0.033589547127266764
1.0,0.0,-0.047606396484340396,0.06503006402391795,-0.9523936035156596,-0.06503006402391795
1.0,0.0,-0.024933288546415598,0.0463841267925441,-0.9750667114535844,-0.0463841267925441
1.0,0.0,-0.009641382335826065,0.005020739400626083,-0.9903586176641739,-0.005020739400626083
1.0,0.0,-0.49056709396444503,0.6172995549138655,-0.5094329060355549,-0.6172995549138655
1.0,0.0,-0.46645455376999656,0.26278947259429386,-0.5335454462300034,-0.26278947259429386
1.0,0.0,-0.22439678871147856,0.31894994314426645,-0.7756032112885214,-0.31894994314426645
1.0,0.0,-0.40615095512748584,0.3795434273089929,-0.5938490448725142,-0.3795434273089929
1.0,0.0,-0.3424472385180749,0.4453354447454531,-0.6575527614819251,-0.4453354447454531
1.0,0.0,-0.09492856619051093,0.02831365949183643,-0.9050714338094891,-0.02831365949183643
1.0,0.0,-0.05247013285222704,0.9138584492569134,-0.947529867147773,-0.9138584492569134
1.0,0.0,-0.3677779482650245,0.26245975035669405,-0.6322220517349755,-0.26245975035669405
1.0,0.0,-0.05955008308097798,0.006494313242492634,-0.940449916919022,-0.006494313242492634
1.0,0.0,-0.3764993449406797,0.48196723245207207,-0.6235006550593203,-0.48196723245207207
1.0,0.0,-0.054969011697986334,0.10680663667722323,-0.9450309883020137,-0.10680663667722323
1.0,0.0,-0.28781978119212376,0.4362480551498531,-0.7121802188078763,-0.4362480551498531
1.0,0.0,-0.33720962780291414,0.5213368833424242,-0.6627903721970858,-0.5213368833424242
1.0,0.0,-0.48489357353550444,0.3809547600433474,-0.5151064264644956,-0.3809547600433474
1.0,0.0,-0.28617278135795277,0.19380479624611835,-0.7138272186420472,-0.19380479624611835
1.0,0.0,-0.11856646393645612,0.6255012685632838,-0.8814335360635439,-0.6255012685632838
1.0,0.0,-0.22966616789503358,0.5080438321594544,-0.7703338321049664,-0.5080438321594544
1.0,0.0,-0.4546066694852071,0.2735576486476412,-0.5453933305147929,-0.2735576486476412
1.0,0.0,-0.12324814058227895,0.16652451050255812,-0.876751859417721,-0.16652451050255812
1.0,0.0,-0.27556066044115085,0.2889998374450499,-0.7244393395588491,-0.2889998374450499
1.0,0.0,-0.04674461573608489,0.7676027446717015,-0.9532553842639151,-0.7676027446717015
1.0,0.0,-0.023140951511064895,0.06583584161792308,-0.9768590484889351,-0.06583584161792308
1.0,0.0,-0.296622219408707,0.27128220371864964,-0.7033777805912931,-0.27128220371864964
1.0,0.0,-0.3715244709347128,0.47437154586489716,-0.6284755290652873,-0.47437154586489716
1.0,0.0,-0.07484724195050158,0.1142574535445922,-0.9251527580494985,-0.1142574535445922
1.0,0.0,-0.2257805546720013,0.36697740548291324,-0.7742194453279987,-0.36697740548291324
1.0,0.0,-0.002021233211704569,0.9025907820730945,-0.9979787667882954,-0.9025907820730945
1.0,0.0,-0.012326234469664712,0.02886153049485931,-0.9876737655303353,-0.02886153049485931
1.0,0.0,-0.19959617588836928,0.8972401348110945,-0.8004038241116307,-0.8972401348110945
1.0,0.0,-0.02015423961425289,0.0026279562943636457,-0.9798457603857471,-0.0026279562943636457
1.0,0.0,-0.02785171902261514,0.9408216665715872,-0.9721482809773848,-0.9408216665715872
1.0,0.0,-0.09583815151607133,0.41954020311029366,-0.9041618484839287,-0.41954020311029366
1.0,0.0,-0.31227609747522794,0.11887328085508808,-0.6877239025247721,-0.11887328085508808
1.0,0.0,-0.14964094803619754,0.6935588804850914,-0.8503590519638025,-0.6935588804850914
1.0,0.0,-0.1442720228655902,0.20508015852362538,-0.8557279771344097,-0.20508015852362538
1.0,0.0,-0.0019997374434547483,0.37547945341053907,-0.9980002625565453,-0.37547945341053907
1.0,0.0,-0.03185492233498073,0.1495438107616443,-0.9681450776650192,-0.1495438107616443
1.0,0.0,-0.3996824397729736,0.09751511706053323,-0.6003175602270264,-0.09751511706053323
1.0,0.0,-0.485875054352583,0.31450315270670265,-0.5141249456474171,-0.31450315270670265
1.0,0.0,-0.05777357065022948,0.020232378174361475,-0.9422264293497705,-0.020232378174361475
1.0,0.0,-0.04957954338758147,0.05293671781983517,-0.9504204566124186,-0.05293671781983517
1.0,0.0,-0.19629587133838772,0.33468346608299326,-0.8037041286616122,-0.33468346608299326
1.0,0.0,-0.08995428666616241,0.5012864855789474,-0.9100457133338375,-0.5012864855789474
1.0,0.0,-0.14304055298864415,0.011097644063289452,-0.8569594470113558,-0.011097644063289452
1.0,0.0,-0.07551591863356366,0.01899110229938246,-0.9244840813664363,-0.01899110229938246
1.0,0.0,-0.495816847204085,0.4907286355136176,-0.5041831527959151,-0.4907286355136176
1.0,0.0,-0.1666101817905637,0.021899493917935924,-0.8333898182094364,-0.021899493917935924
1.0,0.0,-0.4801291693602766,0.03372968449717906,-0.5198708306397234,-0.03372968449717906
1.0,0.0,-0.2063050547714227,0.16840714149499214,-0.7936949452285773,-0.16840714149499214
1.0,0.0,-0.4705965058067854,0.6164811604699376,-0.5294034941932146,-0.6164811604699376
1.0,0.0,-0.16141649657161786,0.534591737690023,-0.8385835034283822,-0.534591737690023
1.0,0.0,-0.40439984116065664,0.6407093562830206,-0.5956001588393434,-0.6407093562830206
1.0,0.0,-0.00581924034470642,0.12667652855854822,-0.9941807596552936,-0.12667652855854822
1.0,0.0,-0.20203625044527707,0.05533253649414892,-0.7979637495547229,-0.05533253649414892
1.0,0.0,-0.32861990762770676,0.8010513716949418,-0.6713800923722932,-0.8010513716949418
1.0,0.0,-0.06935820058356784,0.08320701016222083,-0.9306417994164322,-0.08320701016222083
1.0,0.0,-0.18400829312001105,0.21952126042654696,-0.8159917068799889,-0.21952126042654696
1.0,0.0,-0.14118319102677168,0.24356299976312729,-0.8588168089732283,-0.24356299976312729
1.0,0.0,-0.2734632027576697,0.29942639138689825,-0.7265367972423302,-0.29942639138689825
1.0,0.0,-0.07530234979169226,0.08035178752884248,-0.9246976502083077,-0.08035178752884248
1.0,0.0,-0.019953765848075775,0.1088535843068242,-0.9800462341519243,-0.1088535843068242
1.0,0.0,-0.04126580053509428,0.5000814978417508,-0.9587341994649057,-0.5000814978417508
1.0,0.0,-0.032818349591961,0.9622796968343372,-0.967181650408039,-0.9622796968343372
1.0,0.0,-0.016986632140742697,0.01072034123565115,-0.9830133678592573,-0.01072034123565115
1.0,0.0,-0.451455179109744,0.19062132682661645,-0.548544820890256,-0.19062132682661645
1.0,0.0,-0.337690022902334,0.753583963064434,-0.6623099770976659,-0.753583963064434
1.0,0.0,-0.2815301460766516,0.3274541556965736,-0.7184698539233484,-0.3274541556965736
1.0,0.0,-0.09904738488105069,0.08244652611210589,-0.9009526151189493,-0.08244652611210589
1.0,0.0,-0.42153048725106484,0.32629997324405735,-0.5784695127489352,-0.32629997324405735
1.0,0.0,-0.3030907675434706,0.5321525197310012,-0.6969092324565294,-0.5321525197310012
1.0,0.0,-0.10637690083091805,0.10040544077666977,-0.8936230991690819,-0.10040544077666977
1.0,0.0,-0.017883121491701764,0.6442641873299023,-0.9821168785082982,-0.6442641873299023
1.0,0.0,-0.1874536031841489,0.21934911200900326,-0.8125463968158511,-0.21934911200900326
1.0,0.0,-0.3297400695304178,0.2453901643864695,-0.6702599304695822,-0.2453901643864695
1.0,0.0,-0.08933577109307783,0.02886257161695132,-0.9106642289069222,-0.02886257161695132
1.0,0.0,-0.24079618464519048,0.21066809171745543,-0.7592038153548095,-0.21066809171745543
1.0,0.0,-0.2289227530253131,0.5204794743453413,-0.7710772469746869,-0.5204794743453413
1.0,0.0,-0.07037652762843416,0.047354050581734294,-0.9296234723715658,-0.047354050581734294
1.0,0.0,-0.1510507199474985,0.6871133294198127,-0.8489492800525015,-0.6871133294198127
1.0,0.0,-0.30169599004257613,0.30494721878924724,-0.6983040099574238,-0.30494721878924724
1.0,0.0,-0.20832109483880346,0.1418327110808425,-0.7916789051611965,-0.1418327110808425
1.0,0.0,-0.012667642138829094,0.02175931682251082,-0.9873323578611709,-0.02175931682251082
1.0,0.0,-0.14603849664018076,0.5604221784978476,-0.8539615033598192,-0.5604221784978476
1.0,0.0,-0.1652763128924713,0.18021282311191528,-0.8347236871075288,-0.18021282311191528
1.0,0.0,-0.014379810178896002,0.013418676405213242,-0.985620189821104,-0.013418676405213242
1.0,0.0,-0.43340379941568624,0.4588954802598772,-0.5665962005843137,-0.4588954802598772
1.0,0.0,-0.11679487149706491,0.22393760859672301,-0.8832051285029351,-0.22393760859672301
1.0,0.0,-0.04233161459900586,0.0641572452237442,-0.9576683854009942,-0.0641572452237442
1.0,0.0,-0.1400004528680433,0.2269222885583746,-0.8599995471319567,-0.2269222885583746
1.0,0.0,-0.4994160928557971,0.488445482969568,-0.5005839071442029,-0.488445482969568
1.0,0.0,-0.0706974857195643,0.09180125190674533,-0.9293025142804356,-0.09180125190674533
1.0,0.0,-0.21569197410555713,0.23650887754147906,-0.7843080258944428,-0.23650887754147906
1.0,0.0,-0.043660475557529,0.030280000165020048,-0.9563395244424711,-0.030280000165020048
1.0,0.0,-0.012794637289459681,0.7072693084039746,-0.9872053627105403,-0.7072693084039746
1.0,0.0,-0.07199908614049078,0.02110393621286532,-0.9280009138595092,-0.02110393621286532
1.0,0.0,-0.08006232701622346,0.011304805288310344,-0.9199376729837765,-0.011304805288310344
1.0,0.0,-0.00010310447882153081,0.03426582483238682,-0.9998968955211784,-0.03426582483238682
1.0,0.0,-0.18580776370191954,0.7095777768126601,-0.8141922362980805,-0.7095777768126601
1.0,0.0,-0.47340279634166993,0.6125272017867676,-0.5265972036583301,-0.6125272017867676
1.0,0.0,-0.30305535878226847,0.18305613559998074,-0.6969446412177316,-0.18305613559998074
1.0,0.0,-0.0794836296012712,0.10864077277923957,-0.9205163703987288,-0.10864077277923957
1.0,0.0,-0.19508742032818555,0.12066106784600888,-0.8049125796718144,-0.12066106784600888
1.0,0.0,-0.1860859321167293,0.07021067695961006,-0.8139140678832707,-0.07021067695961006
1.0,0.0,-0.289072535244722,0.585762288286616,-0.710927464755278,-0.585762288286616
1.0,0.0,-0.05415577425261568,0.18594033830595239,-0.9458442257473844,-0.18594033830595239
1.0,0.0,-0.03280080868695704,0.12089078248903891,-0.967199191313043,-0.12089078248903891
1.0,0.0,-0.07162975210868906,0.5668001762485536,-0.928370247891311,-0.5668001762485536
1.0,0.0,-0.21692061712085473,0.8885927353730277,-0.7830793828791452,-0.8885927353730277
1.0,0.0,-0.030187570446139036,0.0958113934891937,-0.9698124295538609,-0.0958113934891937
1.0,0.0,-0.4148889975191481,0.13676944943328548,-0.5851110024808519,-0.13676944943328548
1.0,0.0,-0.024821890460985874,0.020155748845247862,-0.9751781095390142,-0.020155748845247862
1.0,0.0,-0.2040227816490507,0.1819552385993887,-0.7959772183509493,-0.1819552385993887
1.0,0.0,-0.2545720750045059,0.029357171660154373,-0.745427924995494,-0.029357171660154373
1.0,0.0,-0.15759389053004413,0.35931773312466075,-0.8424061094699559,-0.35931773312466075
1.0,0.0,-0.24566960628944295,0.09709319286919464,-0.754330393710557,-0.09709319286919464
1.0,0.0,-0.05567876878350497,0.4182616143070778,-0.944321231216495,-0.4182616143070778
1.0,0.0,-0.13367579046206857,0.07791726161808196,-0.8663242095379314,-0.07791726161808196
1.0,0.0,-0.11246681965355847,0.8226153491513797,-0.8875331803464416,-0.8226153491513797
1.0,0.0,-0.030120824180238426,0.004129570514421835,-0.9698791758197616,-0.004129570514421835
1.0,0.0,-0.4922081852684636,0.4432097274727055,-0.5077918147315363,-0.4432097274727055
1.0,0.0,-0.28616220461543357,0.4873664102442541,-0.7138377953845665,-0.4873664102442541
1.0,0.0,-0.21880591982531322,0.3611237500724357,-0.7811940801746868,-0.3611237500724357
1.0,0.0,-0.10600320366577709,0.442996719916094,-0.8939967963342229,-0.442996719916094
1.0,0.0,-0.014013849043806537,0.0071258418568116684,-0.9859861509561935,-0.0071258418568116684
1.0,0.0,-0.006614936874625917,0.7294233621212324,-0.9933850631253741,-0.7294233621212324
1.0,0.0,-0.13819332648542948,0.19585657502223122,-0.8618066735145705,-0.19585657502223122
1.0,0.0,-0.4685571319357621,0.31029698242160886,-0.5314428680642379,-0.31029698242160886
1.0,0.0,-0.035476900155558655,0.02477779161536247,-0.9645230998444414,-0.02477779161536247
1.0,0.0,-0.03753354101271545,0.7319177104672967,-0.9624664589872846,-0.7319177104672967
1.0,0.0,-0.4790403795902711,0.8188269218746123,-0.5209596204097289,-0.8188269218746123
1.0,0.0,-0.3653393755794674,0.6076650565888689,-0.6346606244205326,-0.6076650565888689
1.0,0.0,-0.19427581329012217,0.1772354366873264,-0.8057241867098779,-0.1772354366873264
1.0,0.0,-0.16476876237263277,0.3652919541406394,-0.8352312376273672,-0.3652919541406394
1.0,0.0,-0.22486067590850634,0.19011248713527554,-0.7751393240914937,-0.19011248713527554
1.0,0.0,-0.453515979111365,0.06917828571391856,-0.546484020888635,-0.06917828571391856
1.0,0.0,-0.010821861014022917,0.14723101295629848,-0.9891781389859771,-0.14723101295629848
1.0,0.0,-0.08669295134888211,0.030234486439990164,-0.9133070486511179,-0.030234486439990164
1.0,0.0,-0.21981523602007413,0.1434060563929426,-0.7801847639799259,-0.1434060563929426
1.0,0.0,-0.0903453219689227,0.09347827799154793,-0.9096546780310772,-0.09347827799154793
1.0,0.0,-0.4951143676172817,0.83640553783453,-0.5048856323827182,-0.83640553783453
1.0,0.0,-0.12784294402562074,0.3018223977557421,-0.8721570559743792,-0.3018223977557421
1.0,0.0,-0.06558586994346371,0.11018613106225388,-0.9344141300565363,-0.11018613106225388
1.0,0.0,-0.2691180910415821,0.2735256011443954,-0.730881908958418,-0.2735256011443954
1.0,0.0,-0.2000534342213221,0.45068465259469653,-0.799946565778678,-0.45068465259469653
1.0,0.0,-0.20578901187975354,0.8644931968918718,-0.7942109881202465,-0.8644931968918718
1.0,0.0,-0.4260629597207884,0.20242852895145474,-0.5739370402792117,-0.20242852895145474
1.0,0.0,-0.0432490543212783,0.5515775170383416,-0.9567509456787217,-0.5515775170383416
1.0,0.0,-0.04076962521752486,0.0534714085271394,-0.9592303747824751,-0.0534714085271394
1.0,0.0,-0.36392107303240645,0.5798615982663063,-0.6360789269675935,-0.5798615982663063
1.0,0.0,-0.3169811569256661,0.32471519090586065,-0.6830188430743339,-0.32471519090586065
1.0,0.0,-0.37874001942433294,0.22494771339903785,-0.6212599805756671,-0.22494771339903785
1.0,0.0,-0.2354450355767548,0.8912515404966396,-0.7645549644232452,-0.8912515404966396
1.0,0.0,-0.0104259911440689,0.27076989512625377,-0.989574008855931,-0.27076989512625377
1.0,0.0,-0.4861537781161584,0.08642643506165927,-0.5138462218838415,-0.08642643506165927
1.0,0.0,-0.27414187058159106,0.3235933156269214,-0.725858129418409,-0.3235933156269214
1.0,0.0,-0.3760185646381099,0.40366931550038154,-0.6239814353618901,-0.40366931550038154
1.0,0.0,-0.32026380629629714,0.01635240650276988,-0.6797361937037029,-0.01635240650276988
1.0,0.0,-0.06574330140261724,0.3768661232536959,-0.9342566985973828,-0.3768661232536959
1.0,0.0,-0.13914376539432133,0.08583153656793123,-0.8608562346056787,-0.08583153656793123
1.0,0.0,-0.33734720374501603,0.5807287759640621,-0.662652796254984,-0.5807287759640621
1.0,0.0,-0.10466051838282431,0.13550812454274225,-0.8953394816171757,-0.13550812454274225
1.0,0.0,-0.12474607430535699,0.9451361303177829,-0.875253925694643,-0.9451361303177829
1.0,0.0,-0.05628316186380311,0.0662528204790597,-0.9437168381361969,-0.0662528204790597
1.0,0.0,-0.2103404562837763,0.13528428773116155,-0.7896595437162237,-0.13528428773116155
1.0,0.0,-0.3560405046205992,0.5224830529193711,-0.6439594953794008,-0.5224830529193711
1.0,0.0,-0.33806367592597275,0.8888637193304836,-0.6619363240740272,-0.8888637193304836
1.0,0.0,-0.33582673848648914,0.9415517127862204,-0.6641732615135109,-0.9415517127862204
1.0,0.0,-0.0018853425757971998,0.0028419695377935187,-0.9981146574242028,-0.0028419695377935187
1.0,0.0,-0.22673573277055203,0.6824739854287021,-0.773264267229448,-0.6824739854287021
1.0,0.0,-0.1677479330727833,0.22234605342979255,-0.8322520669272166,-0.22234605342979255
1.0,0.0,-0.38533689678780725,0.30141752744948935,-0.6146631032121928,-0.30141752744948935
1.0,0.0,-2.539634631064698e-05,0.00035622443335584186,-0.9999746036536894,-0.00035622443335584186
1.0,0.0,-0.1320395782492755,0.4697835105589161,-0.8679604217507245,-0.4697835105589161
1.0,0.0,-0.12239200712331405,0.08944549436604853,-0.877607992876686,-0.08944549436604853
1.0,0.0,-0.022383119666217467,0.19714986626711692,-0.9776168803337826,-0.19714986626711692
1.0,0.0,-0.005029510212392411,0.4563344513286638,-0.9949704897876076,-0.4563344513286638
1.0,0.0,-0.3478642609566949,0.6216592591549561,-0.6521357390433051,-0.6216592591549561
1.0,0.0,-0.2577392767792956,0.44379859847813274,-0.7422607232207044,-0.44379859847813274
1.0,0.0,-0.16710026955975515,0.6760086285248831,-0.8328997304402448,-0.6760086285248831
1.0,0.0,-0.4428977707687455,0.5488998083424032,-0.5571022292312545,-0.5488998083424032
1.0,0.0,-0.06963977238224424,0.35449936260337483,-0.9303602276177557,-0.35449936260337483
1.0,0.0,-0.21649101540895124,0.8263625962899354,-0.7835089845910488,-0.8263625962899354
1.0,0.0,-0.08169687242947889,0.1714107436582359,-0.9183031275705211,-0.1714107436582359
1.0,0.0,-0.47219217029765187,0.37149061640888764,-0.5278078297023481,-0.37149061640888764
1.0,0.0,-0.43400630607437357,0.7479851481072473,-0.5659936939256265,-0.7479851481072473
1.0,0.0,-0.09125968931394138,0.2603324821718109,-0.9087403106860586,-0.2603324821718109
1.0,0.0,-0.06684301337571746,0.11542449438910427,-0.9331569866242826,-0.11542449438910427
1.0,0.0,-0.057158251118859194,0.06769173735387916,-0.9428417488811408,-0.06769173735387916
1.0,0.0,-0.4469025532183161,0.42942444181002876,-0.5530974467816838,-0.42942444181002876
1.0,0.0,-0.08885647014949284,0.4582048516517517,-0.9111435298505072,-0.4582048516517517
1.0,0.0,-0.20716783644644393,0.21365082802529642,-0.792832163553556,-0.21365082802529642
1.0,0.0,-0.11646606516798888,0.37611052527362593,-0.8835339348320111,-0.37611052527362593
1.0,0.0,-0.009210655682478579,0.5216619808826378,-0.9907893443175214,-0.5216619808826378
1.0,0.0,-0.27221058151450633,0.24425882426969103,-0.7277894184854936,-0.24425882426969103
1.0,0.0,-0.3851078779905141,0.16392195830169007,-0.6148921220094858,-0.16392195830169007
1.0,0.0,-0.42966960699938156,0.3896044142098265,-0.5703303930006185,-0.3896044142098265
1.0,0.0,-0.4395367909729444,0.650879950716368,-0.5604632090270556,-0.650879950716368
1.0,0.0,-0.38036651913159114,0.020200106929692832,-0.6196334808684089,-0.020200106929692832
1.0,0.0,-0.21520097992652534,0.818446288891414,-0.7847990200734747,-0.818446288891414
1.0,0.0,-0.04913774082237776,0.030283564590408055,-0.9508622591776222,-0.030283564590408055
1.0,0.0,-0.22252172837185058,0.07808246053262605,-0.7774782716281494,-0.07808246053262605
1.0,0.0,-0.45341831948223965,0.101349607521352,-0.5465816805177603,-0.101349607521352
1.0,0.0,-0.2758248157305387,0.9281679502137777,-0.7241751842694613,-0.9281679502137777
1.0,0.0,-0.16764678676436554,0.5725248785244095,-0.8323532132356345,-0.5725248785244095
1.0,0.0,-0.2545231212623686,0.1440389679556182,-0.7454768787376314,-0.1440389679556182
1.0,0.0,-0.27175655101711627,0.07846875119158385,-0.7282434489828837,-0.07846875119158385
1.0,0.0,-0.03320253623735664,0.005834600146344382,-0.9667974637626433,-0.005834600146344382
1.0,0.0,-0.41439552411415825,0.15083960172776384,-0.5856044758858417,-0.15083960172776384
1.0,0.0,-0.2705845258497128,0.9389154929236097,-0.7294154741502872,-0.9389154929236097
1.0,0.0,-0.15736952713833174,0.2093820228101508,-0.8426304728616683,-0.2093820228101508
1.0,0.0,-0.13074176322794062,0.06124511836191135,-0.8692582367720594,-0.06124511836191135
1.0,0.0,-0.1029670606569395,0.0034520660298576586,-0.8970329393430605,-0.0034520660298576586
1.0,0.0,-0.4378421324193003,0.5115393821744146,-0.5621578675806997,-0.5115393821744146
1.0,0.0,-0.4835498591744032,0.0963438087698989,-0.5164501408255968,-0.0963438087698989
1.0,0.0,-0.2850091969827982,0.3734353384615818,-0.7149908030172019,-0.3734353384615818
1.0,0.0,-0.41918006223415194,0.697947118974601,-0.5808199377658481,-0.697947118974601
1.0,0.0,-0.11833604883951308,0.9556657379295684,-0.8816639511604869,-0.9556657379295684
1.0,0.0,-0.05528394897874442,0.18676461950782589,-0.9447160510212556,-0.18676461950782589
1.0,0.0,-0.47295850237661097,0.21001767504043478,-0.527041497623389,-0.21001767504043478
1.0,0.0,-0.45191866891387605,0.11400774206497016,-0.5480813310861239,-0.11400774206497016
1.0,0.0,-0.47803387066264624,0.22722000423335723,-0.5219661293373538,-0.22722000423335723
1.0,0.0,-0.18631988804765176,0.6087391001546318,-0.8136801119523482,-0.6087391001546318
1.0,0.0,-0.002304534902358275,0.45214518634935985,-0.9976954650976417,-0.45214518634935985
1.0,0.0,-0.021325852703360793,0.03378374199457703,-0.9786741472966392,-0.03378374199457703
1.0,0.0,-0.4038896946515129,0.11778227591559327,-0.5961103053484871,-0.11778227591559327
1.0,0.0,-0.01858155788583865,0.013290357975607056,-0.9814184421141614,-0.013290357975607056
1.0,0.0,-0.21977872570139348,0.7879716448275735,-0.7802212742986065,-0.7879716448275735
1.0,0.0,-0.009572143005636025,0.0148461822042454,-0.990427856994364,-0.0148461822042454
1.0,0.0,-0.038553859212761894,0.11928957970674733,-0.9614461407872381,-0.11928957970674733
1.0,0.0,-0.20629699031740406,0.7562927646962827,-0.7937030096825959,-0.7562927646962827
1.0,0.0,-0.08803367931424877,0.10877111929532123,-0.9119663206857512,-0.10877111929532123
1.0,0.0,-0.055578364783890916,0.11408690825095713,-0.9444216352161091,-0.11408690825095713
1.0,0.0,-0.21739860464878313,0.2857720525475567,-0.7826013953512169,-0.2857720525475567
1.0,0.0,-0.17934835225243734,0.29233873357224777,-0.8206516477475627,-0.29233873357224777
1.0,0.0,-0.28650103468461924,0.374605874207472,-0.7134989653153807,-0.374605874207472
1.0,0.0,-0.03669631981859427,0.14715946118784398,-0.9633036801814058,-0.14715946118784398
1.0,0.0,-0.2930529912034384,0.2045777715771911,-0.7069470087965616,-0.2045777715771911
1.0,0.0,-0.4855248969129757,0.45460066990675185,-0.5144751030870243,-0.45460066990675185
1.0,0.0,-0.25789215127522486,0.38807306809922487,-0.7421078487247752,-0.38807306809922487
1.0,0.0,-0.20848997525597535,0.10305766184031641,-0.7915100247440247,-0.10305766184031641
1.0,0.0,-0.18582715167727193,0.29312247546455544,-0.8141728483227281,-0.29312247546455544
1.0,0.0,-0.38329171414138524,0.9081216993030029,-0.6167082858586148,-0.9081216993030029
1.0,0.0,-0.006357632911387443,0.5011226609168603,-0.9936423670886125,-0.5011226609168603
1.0,0.0,-0.32257026050247606,0.5581051904457905,-0.6774297394975239,-0.5581051904457905
1.0,0.0,-0.35684445783998264,0.4158356923133391,-0.6431555421600174,-0.4158356923133391
1.0,0.0,-0.07336290063656749,0.47467262033892826,-0.9266370993634325,-0.47467262033892826
1.0,0.0,-0.2898341621308561,0.5339504129789081,-0.7101658378691439,-0.5339504129789081
1.0,0.0,-0.39590778683999434,0.7511284419690157,-0.6040922131600057,-0.7511284419690157
1.0,0.0,-0.2279271088624396,0.15821845345902044,-0.7720728911375604,-0.15821845345902044
1.0,0.0,-0.17061642242891006,0.00638138791030919,-0.8293835775710899,-0.00638138791030919
1.0,0.0,-0.10460647685851521,0.060138863410050314,-0.8953935231414848,-0.060138863410050314
1.0,0.0,-0.16552860806384495,0.26651832178379503,-0.834471391936155,-0.26651832178379503
1.0,0.0,-0.05872134714821497,0.14537806392839103,-0.941278652851785,-0.14537806392839103
1.0,0.0,-0.04477289212711503,0.16700230710811678,-0.955227107872885,-0.16700230710811678
1.0,0.0,-0.06757448282108594,0.12479812890532427,-0.9324255171789141,-0.12479812890532427
1.0,0.0,-0.09279716491018264,0.08754832130635042,-0.9072028350898174,-0.08754832130635042
1.0,0.0,-0.4636405037433436,0.48153545964749755,-0.5363594962566565,-0.48153545964749755
1.0,0.0,-0.45958695641023484,0.5399843048898865,-0.5404130435897652,-0.5399843048898865
1.0,0.0,-0.12133713307940215,0.32569086437021055,-0.8786628669205978,-0.32569086437021055
1.0,0.0,-0.3010858917558041,0.5926412594360239,-0.6989141082441959,-0.5926412594360239
1.0,0.0,-0.2655177734654867,0.12707493651753052,-0.7344822265345132,-0.12707493651753052
1.0,0.0,-0.005608369209783911,0.324683388374311,-0.9943916307902161,-0.324683388374311
1.0,0.0,-0.4040667766013121,0.655164605751299,-0.5959332233986878,-0.655164605751299
1.0,0.0,-0.19616489819173571,0.11770261230161523,-0.8038351018082643,-0.11770261230161523
1.0,0.0,-0.45419536350691897,0.4925172601071183,-0.5458046364930811,-0.4925172601071183
1.0,0.0,-0.44127565455424966,0.6106649803992942,-0.5587243454457503,-0.6106649803992942
1.0,0.0,-0.4004800140628174,0.2396849341195911,-0.5995199859371826,-0.2396849341195911
1.0,0.0,-0.16704645691662612,0.1780239274016291,-0.8329535430833739,-0.1780239274016291
1.0,0.0,-0.31263553264371124,0.25489587307524125,-0.6873644673562888,-0.25489587307524125
1.0,0.0,-0.07155927391278882,0.03266807010313769,-0.9284407260872112,-0.03266807010313769
1.0,0.0,-0.2189889552458214,0.010962836792654466,-0.7810110447541786,-0.010962836792654466
1.0,0.0,-0.06856126782113198,0.06167029885919985,-0.931438732178868,-0.06167029885919985
1.0,0.0,-0.43710960408076077,0.0749727427467356,-0.5628903959192393,-0.0749727427467356
1.0,0.0,-0.26203449771032455,0.6778923342974319,-0.7379655022896754,-0.6778923342974319
1.0,0.0,-0.17650622207353098,0.9629317846838917,-0.823493777926469,-0.9629317846838917
1.0,0.0,-0.4918431949164179,0.24771292775151907,-0.5081568050835821,-0.24771292775151907
1.0,0.0,-0.47870167520653334,0.8137888128945817,-0.5212983247934666,-0.8137888128945817
1.0,0.0,-0.40713694920772453,0.6454405536311996,-0.5928630507922754,-0.6454405536311996
1.0,0.0,-0.10749143338098738,0.1715213757373266,-0.8925085666190127,-0.1715213757373266
1.0,0.0,-0.17286872183089735,0.058158290895344834,-0.8271312781691027,-0.058158290895344834
1.0,0.0,-0.0915134637179748,0.2901317887836685,-0.9084865362820252,-0.2901317887836685
1.0,0.0,-0.1712854497159254,0.2719882746035138,-0.8287145502840746,-0.2719882746035138
1.0,0.0,-0.11340360253857396,0.6718691404509054,-0.886596397461426,-0.6718691404509054
1.0,0.0,-0.17820748500862305,0.20290684142014798,-0.821792514991377,-0.20290684142014798
1.0,0.0,-0.07739365680528087,0.6320107200465103,-0.9226063431947191,-0.6320107200465103
1.0,0.0,-0.24019936989702317,0.594323211667223,-0.7598006301029768,-0.594323211667223
1.0,0.0,-0.2950467599502713,0.06629403570655402,-0.7049532400497287,-0.06629403570655402
1.0,0.0,-0.41172043191252056,0.7407514613650119,-0.5882795680874795,-0.7407514613650119
1.0,0.0,-0.3535780276510011,0.14053814350208765,-0.6464219723489989,-0.14053814350208765
1.0,0.0,-0.004173441900533732,0.8638733623126181,-0.9958265580994663,-0.8638733623126181
1.0,0.0,-0.0711067552754881,0.11315896240009235,-0.928893244724512,-0.11315896240009235
1.0,0.0,-0.39089018262750735,0.38112009060933455,-0.6091098173724927,-0.38112009060933455
1.0,0.0,-0.1012695113008062,0.2623812613593908,-0.8987304886991938,-0.2623812613593908
1.0,0.0,-0.28771551722872624,0.23327114546020233,-0.7122844827712738,-0.23327114546020233
1.0,0.0,-0.0891255660346808,0.4967952552449729,-0.9108744339653192,-0.4967952552449729
1.0,0.0,-0.1101307896036442,0.13708620672733565,-0.8898692103963558,-0.13708620672733565
1.0,0.0,-0.30850978658027606,0.030428386466108404,-0.6914902134197239,-0.030428386466108404
1.0,0.0,-0.141051515751228,0.3505600344319608,-0.858948484248772,-0.3505600344319608
1.0,0.0,-0.08317475611755425,0.49271109851714884,-0.9168252438824458,-0.49271109851714884
1.0,0.0,-0.42205318127542446,0.6082026175707753,-0.5779468187245755,-0.6082026175707753
1.0,0.0,-0.4737895444547055,0.3721313000188991,-0.5262104555452944,-0.3721313000188991
1.0,0.0,-0.0631228277359314,0.7464775547994799,-0.9368771722640686,-0.7464775547994799
1.0,0.0,-0.0024032755224450576,0.13249822264875952,-0.997596724477555,-0.13249822264875952
1.0,0.0,-0.15588411507374872,0.3519475784928064,-0.8441158849262513,-0.3519475784928064
1.0,0.0,-0.015729656067268262,0.04258553520827894,-0.9842703439327317,-0.04258553520827894
1.0,0.0,-0.069998268607811,0.018434689746380087,-0.930001731392189,-0.018434689746380087
1.0,0.0,-0.14753714844744564,0.16931096802816215,-0.8524628515525543,-0.16931096802816215
1.0,0.0,-0.4107316036122499,0.438108960292596,-0.5892683963877501,-0.438108960292596
1.0,0.0,-0.03391763043796028,0.10720351241057559,-0.9660823695620397,-0.10720351241057559
1.0,0.0,-0.19137739926303815,0.11041885949552793,-0.8086226007369619,-0.11041885949552793
1.0,0.0,-0.20945204374124038,0.3405876126762086,-0.7905479562587596,-0.3405876126762086
1.0,0.0,-0.0982013566199191,0.19146848898655822,-0.9017986433800809,-0.19146848898655822
1.0,0.0,-0.03493131768511127,0.6788872490332138,-0.9650686823148887,-0.6788872490332138
1.0,0.0,-0.12138668757846316,0.17658828434079968,-0.8786133124215368,-0.17658828434079968
1.0,0.0,-0.43862892697065825,0.21453778280974656,-0.5613710730293417,-0.21453778280974656
1.0,0.0,-0.035500292535513824,0.331818321788509,-0.9644997074644862,-0.331818321788509
1.0,0.0,-0.019776787366605715,0.7665196410674606,-0.9802232126333943,-0.7665196410674606
1.0,0.0,-0.042816290183693206,0.17272333481416058,-0.9571837098163067,-0.17272333481416058
1.0,0.0,-0.19081773707842187,0.3238933244881824,-0.8091822629215781,-0.3238933244881824
1.0,0.0,-0.01722977034260744,0.1642160167178629,-0.9827702296573926,-0.1642160167178629
1.0,0.0,-0.17987136876094628,0.7981201093104442,-0.8201286312390537,-0.7981201093104442
1.0,0.0,-0.014071691563408028,0.04637937738756446,-0.985928308436592,-0.04637937738756446
1.0,0.0,-0.3339137216888206,0.6453379907189823,-0.6660862783111794,-0.6453379907189823
1.0,0.0,-0.4697057188097618,0.017842116685947897,-0.5302942811902382,-0.017842116685947897
1.0,0.0,-0.07146448439266606,0.05306970461726335,-0.9285355156073339,-0.05306970461726335
1.0,0.0,-0.041142203968005296,0.2530338992107276,-0.9588577960319947,-0.2530338992107276
1.0,0.0,-0.009540166843684361,0.01376500921850789,-0.9904598331563157,-0.01376500921850789
1.0,0.0,-0.07409834474482258,0.49015651664550475,-0.9259016552551774,-0.49015651664550475
1.0,0.0,-0.10142408288867011,0.0787034324922593,-0.8985759171113299,-0.0787034324922593
1.0,0.0,-0.21865337204431046,0.27146781302782863,-0.7813466279556895,-0.27146781302782863
1.0,0.0,-0.3253847459424849,0.7106162292472489,-0.6746152540575151,-0.7106162292472489
1.0,0.0,-0.12193142324025286,0.004381374773612686,-0.8780685767597471,-0.004381374773612686
1.0,0.0,-0.007481633654074135,0.0951717963713981,-0.9925183663459258,-0.0951717963713981
1.0,0.0,-0.03735073075192418,0.08704409924286562,-0.9626492692480758,-0.08704409924286562
1.0,0.0,-0.08391179063012516,0.025920784588702533,-0.9160882093698748,-0.025920784588702533
1.0,0.0,-0.2300451254968357,0.3062570137251963,-0.7699548745031644,-0.3062570137251963
1.0,0.0,-0.3643661863269005,0.434520066757888,-0.6356338136730995,-0.434520066757888
1.0,0.0,-0.1754753752840531,0.5563882269181761,-0.8245246247159469,-0.5563882269181761
1.0,0.0,-0.06691945368643926,0.03222395686985661,-0.9330805463135607,-0.03222395686985661
1.0,0.0,-0.2639005817345716,0.9412821181394381,-0.7360994182654284,-0.9412821181394381
1.0,0.0,-0.37859456086576254,0.578879850194164,-0.6214054391342374,-0.578879850194164
1.0,0.0,-0.15636974720153923,0.176713554488675,-0.8436302527984607,-0.176713554488675
1.0,0.0,-0.4541215224357689,0.778714790338076,-0.5458784775642311,-0.778714790338076
1.0,0.0,-0.1650834724645165,0.1187997175207535,-0.8349165275354835,-0.1187997175207535
1.0,0.0,-0.19563568347594987,0.6362687695612627,-0.8043643165240502,-0.6362687695612627
1.0,0.0,-0.39117479768084973,0.6193079521487359,-0.6088252023191503,-0.6193079521487359
1.0,0.0,-0.26573704077113114,0.010292940068714557,-0.7342629592288689,-0.010292940068714557
1.0,0.0,-0.4110808098215388,0.0962970276577933,-0.5889191901784612,-0.0962970276577933
1.0,0.0,-0.45953094120844395,0.47606397813559065,-0.540469058791556,-0.47606397813559065
1.0,0.0,-0.017818174848870272,0.022133490972804908,-0.9821818251511297,-0.022133490972804908
1.0,0.0,-0.02782267232001687,0.5731347977025678,-0.9721773276799831,-0.5731347977025678
1.0,0.0,-0.22609310602739202,0.24655688652941002,-0.7739068939726079,-0.24655688652941002
1.0,0.0,-0.23954765721495164,0.31410107976305457,-0.7604523427850484,-0.31410107976305457
1.0,0.0,-0.1338931671524099,0.11752312574102307,-0.86610683284759,-0.11752312574102307
1.0,0.0,-0.21386945288905146,0.284672798949503,-0.7861305471109485,-0.284672798949503
1.0,0.0,-0.009492776944461712,0.002048198102353144,-0.9905072230555383,-0.002048198102353144
1.0,0.0,-0.21447450825984832,0.3740634542713027,-0.7855254917401517,-0.3740634542713027
1.0,0.0,-0.4697806054384346,0.24945962944361644,-0.5302193945615654,-0.24945962944361644
1.0,0.0,-0.3876286997314283,0.22948144313165286,-0.6123713002685718,-0.22948144313165286
1.0,0.0,-0.06093590172807175,0.7186040687602936,-0.9390640982719283,-0.7186040687602936
1.0,0.0,-0.2150380706497408,0.5178688867731847,-0.7849619293502592,-0.5178688867731847
1.0,0.0,-0.0007465654081554911,0.6806128877803662,-0.9992534345918445,-0.6806128877803662
1.0,0.0,-0.17545229764295506,0.7216452949218117,-0.8245477023570449,-0.7216452949218117
1.0,0.0,-0.1199693617565086,0.22331800927269063,-0.8800306382434914,-0.22331800927269063
1.0,0.0,-4.076958788745699e-05,3.231906406393381e-05,-0.9999592304121125,-3.231906406393381e-05
1.0,0.0,-0.06516128582152997,0.4819003885405396,-0.93483871417847,-0.4819003885405396
1.0,0.0,-0.010278454763719275,0.2334803199499275,-0.9897215452362808,-0.2334803199499275
1.0,0.0,-0.0362831806900033,0.04652545052305142,-0.9637168193099968,-0.04652545052305142
1.0,0.0,-0.431719237088462,0.7915299770366488,-0.5682807629115381,-0.7915299770366488
1.0,0.0,-0.11985346728457108,0.08004314772890316,-0.880146532715429,-0.08004314772890316
1.0,0.0,-0.21904298581691048,0.3907555216829401,-0.7809570141830895,-0.3907555216829401
1.0,0.0,-0.11834469904504416,0.4294899515584256,-0.8816553009549558,-0.4294899515584256
1.0,0.0,-0.002037551395407336,0.04598717843981353,-0.9979624486045927,-0.04598717843981353
1.0,0.0,-0.4449254215075702,0.4441104743822027,-0.5550745784924298,-0.4441104743822027
1.0,0.0,-0.09811792212856302,0.10133055414272596,-0.9018820778714369,-0.10133055414272596
1.0,0.0,-0.48775481271073867,0.564243399927222,-0.5122451872892613,-0.564243399927222
1.0,0.0,-0.251837847185468,0.387095514589688,-0.748162152814532,-0.387095514589688
1.0,0.0,-0.14010015099220072,0.7977435794466458,-0.8598998490077993,-0.7977435794466458
1.0,0.0,-0.3202418427023526,0.42835717316923094,-0.6797581572976474,-0.42835717316923094
1.0,0.0,-0.05932828580846061,0.02752833085927482,-0.9406717141915394,-0.02752833085927482
1.0,0.0,-0.15364798962499726,0.2494524682850349,-0.8463520103750027,-0.2494524682850349
1.0,0.0,-0.2593906099197933,0.2370466593282248,-0.7406093900802067,-0.2370466593282248
1.0,0.0,-0.27979638662913264,0.4430119593637246,-0.7202036133708674,-0.4430119593637246
1.0,0.0,-0.2931638769677106,0.054561622362228786,-0.7068361230322894,-0.054561622362228786
1.0,0.0,-0.09121731722119036,0.4297475305717111,-0.9087826827788097,-0.4297475305717111
1.0,0.0,-0.07369812683374245,0.26205750563833435,-0.9263018731662576,-0.26205750563833435
1.0,0.0,-0.41117075998103014,0.16927194491881475,-0.5888292400189699,-0.16927194491881475
1.0,0.0,-0.3118339995568337,0.43425119563548964,-0.6881660004431662,-0.43425119563548964
1.0,0.0,-0.2458680206059939,0.37835524420889866,-0.7541319793940061,-0.37835524420889866
1.0,0.0,-0.2345247826132822,0.3737922042517366,-0.7654752173867179,-0.3737922042517366
1.0,0.0,-0.12610013457984848,0.5599889310870226,-0.8738998654201515,-0.5599889310870226
1.0,0.0,-0.20546139495239218,0.47801316658889814,-0.7945386050476078,-0.47801316658889814
1.0,0.0,-0.053256565751389595,0.021303054354434255,-0.9467434342486104,-0.021303054354434255
1.0,0.0,-0.44641766700491853,0.14431242683877732,-0.5535823329950815,-0.14431242683877732
1.0,0.0,-0.00872154569724325,0.030978088222441455,-0.9912784543027567,-0.030978088222441455
1.0,0.0,-0.15755474720213836,0.7314823367089944,-0.8424452527978616,-0.7314823367089944
1.0,0.0,-0.11079508523695214,0.057128834967665465,-0.8892049147630479,-0.057128834967665465
1.0,0.0,-0.0726528176012377,0.10469575194778645,-0.9273471823987622,-0.10469575194778645
1.0,0.0,-0.20407065256626705,0.20177203218889758,-0.795929347433733,-0.20177203218889758
1.0,0.0,-0.30598387134814803,0.13643610450173732,-0.694016128651852,-0.13643610450173732
1.0,0.0,-0.49475896564959687,0.1641840623852569,-0.5052410343504031,-0.1641840623852569
1.0,0.0,-0.0856827447169652,0.9283970502962442,-0.9143172552830348,-0.9283970502962442
1.0,0.0,-0.007545012838184062,0.1193625431751142,-0.9924549871618159,-0.1193625431751142
1.0,0.0,-0.013633007218053375,0.03269922009940699,-0.9863669927819466,-0.03269922009940699
1.0,0.0,-0.0859326463132856,0.2780342436478017,-0.9140673536867144,-0.2780342436478017
1.0,0.0,-0.1603944638551289,0.03163583071188741,-0.8396055361448711,-0.03163583071188741
1.0,0.0,-0.3699018482308783,0.36735047754681366,-0.6300981517691218,-0.36735047754681366
1.0,0.0,-0.07672395372103169,0.020796767140845007,-0.9232760462789683,-0.020796767140845007
1.0,0.0,-0.23106483400015315,0.3992133250173862,-0.7689351659998469,-0.3992133250173862
1.0,0.0,-0.11285739051222049,0.16680945277379008,-0.8871426094877795,-0.16680945277379008
1.0,0.0,-0.2972364938824289,0.47382526345628895,-0.7027635061175711,-0.47382526345628895
1.0,0.0,-0.42644264125137626,0.48479228943568575,-0.5735573587486238,-0.48479228943568575
1.0,0.0,-0.30658049994566006,0.008821121488451844,-0.6934195000543399,-0.008821121488451844
1.0,0.0,-0.11818356848603612,0.15158474639655167,-0.8818164315139638,-0.15158474639655167
1.0,0.0,-0.4390711669328894,0.24330650671212223,-0.5609288330671106,-0.24330650671212223
1.0,0.0,-0.013638547157077446,0.4995226074381346,-0.9863614528429225,-0.4995226074381346
1.0,0.0,-0.07311942287522827,0.057557559248547455,-0.9268805771247717,-0.057557559248547455
1.0,0.0,-0.09644844263019703,0.7113259579641008,-0.903551557369803,-0.7113259579641008
1.0,0.0,-0.24410481095450698,0.45509581632440965,-0.755895189045493,-0.45509581632440965
1.0,0.0,-0.32415697289485673,0.4670548675008743,-0.6758430271051432,-0.4670548675008743
1.0,0.0,-0.23466136561177198,0.3408282665743422,-0.765338634388228,-0.3408282665743422
1.0,0.0,-0.046398846375145686,0.11831899151484536,-0.9536011536248543,-0.11831899151484536
1.0,0.0,-0.05464018416562232,0.3727233656063469,-0.9453598158343777,-0.3727233656063469
1.0,0.0,-0.2096607005594618,0.23167072434618602,-0.7903392994405383,-0.23167072434618602
1.0,0.0,-0.10111992378262025,0.09197876107013288,-0.8988800762173798,-0.09197876107013288
1.0,0.0,-0.10635209473405699,0.017966978791205866,-0.893647905265943,-0.017966978791205866
1.0,0.0,-0.366575228045806,0.5888664086487387,-0.633424771954194,-0.5888664086487387
1.0,0.0,-0.4594786253098452,0.10115371664505424,-0.5405213746901548,-0.10115371664505424
1.0,0.0,-0.00012616910818764114,0.49514826399583683,-0.9998738308918124,-0.49514826399583683
1.0,0.0,-0.32830774899099713,0.4104116006460335,-0.6716922510090029,-0.4104116006460335
1.0,0.0,-0.10926070153647788,0.8008814981885266,-0.8907392984635221,-0.8008814981885266
1.0,0.0,-0.20119886374436663,0.0018165844739179687,-0.7988011362556333,-0.0018165844739179687
1.0,0.0,-0.2515036029464137,0.38449081051520156,-0.7484963970535863,-0.38449081051520156
1.0,0.0,-0.030633911559559857,0.0384162496443556,-0.9693660884404401,-0.0384162496443556
1.0,0.0,-0.08136852496550268,0.26981141439781436,-0.9186314750344973,-0.26981141439781436
1.0,0.0,-0.11477133886491192,0.178444714257579,-0.8852286611350881,-0.178444714257579
1.0,0.0,-0.23235731558127978,0.6846558447932063,-0.7676426844187202,-0.6846558447932063
1.0,0.0,-0.00528889701327386,0.07802860337630875,-0.9947111029867262,-0.07802860337630875
1.0,0.0,-0.2463198357287007,0.4226590729538356,-0.7536801642712994,-0.4226590729538356
1.0,0.0,-0.33112431464452446,0.0042575731895428135,-0.6688756853554756,-0.0042575731895428135
1.0,0.0,-0.005328784901445114,0.020468632438946588,-0.9946712150985549,-0.020468632438946588
1.0,0.0,-0.02133342930460182,0.1814579280296913,-0.9786665706953982,-0.1814579280296913
1.0,0.0,-0.3718475934924639,0.12520991283921537,-0.6281524065075361,-0.12520991283921537
1.0,0.0,-0.08670601426770956,0.7942662598433374,-0.9132939857322905,-0.7942662598433374
1.0,0.0,-0.3019616483265072,0.5225083963308418,-0.6980383516734928,-0.5225083963308418
1.0,0.0,-0.012366544423215036,0.040970449575508244,-0.987633455576785,-0.040970449575508244
1.0,0.0,-0.02245671530724619,0.03346466337796229,-0.9775432846927539,-0.03346466337796229
1.0,0.0,-0.07964583026786227,0.24538609543008924,-0.9203541697321377,-0.24538609543008924
1.0,0.0,-0.24127632130966487,0.08891562029088397,-0.7587236786903351,-0.08891562029088397
1.0,0.0,-0.19254472611431672,0.7149223524352855,-0.8074552738856833,-0.7149223524352855
1.0,0.0,-0.4376837686901462,0.2142200333224534,-0.5623162313098538,-0.2142200333224534
1.0,0.0,-0.051593913365029886,0.005354321722857626,-0.9484060866349702,-0.005354321722857626
1.0,0.0,-0.4433049335379231,0.19406761087292904,-0.5566950664620769,-0.19406761087292904
1.0,0.0,-0.40744933431881697,0.19816140003795402,-0.592550665681183,-0.19816140003795402
1.0,0.0,-0.09073690905071885,0.14224982565863661,-0.9092630909492811,-0.14224982565863661
1.0,0.0,-0.25021381886341537,0.04261108906484478,-0.7497861811365847,-0.04261108906484478
1.0,0.0,-0.4977204853693537,0.6421072258879013,-0.5022795146306462,-0.6421072258879013
1.0,0.0,-0.0236827328554435,0.48115810466095305,-0.9763172671445565,-0.48115810466095305
1.0,0.0,-0.011341010521381513,0.02770056970024581,-0.9886589894786185,-0.02770056970024581
1.0,0.0,-0.020311359807953733,0.029728520017678232,-0.9796886401920463,-0.029728520017678232
1.0,0.0,-0.0029101390563192405,0.009859222259113457,-0.9970898609436808,-0.009859222259113457
1.0,0.0,-0.09738425735943301,0.31536480912704556,-0.902615742640567,-0.31536480912704556
1.0,0.0,-0.14629969432147655,0.2164572626238842,-0.8537003056785235,-0.2164572626238842
1.0,0.0,-0.46740828396300527,0.6392064437108569,-0.5325917160369947,-0.6392064437108569
1.0,0.0,-0.17725450360374462,0.34409031931844325,-0.8227454963962554,-0.34409031931844325
1.0,0.0,-0.2565098335120063,0.6437287498413743,-0.7434901664879937,-0.6437287498413743
1.0,0.0,-0.38719995703682747,0.6146862048170929,-0.6128000429631726,-0.6146862048170929
1.0,0.0,-0.4939636800428581,0.05604931348005857,-0.5060363199571418,-0.05604931348005857
1.0,0.0,-0.02516391911960031,0.03519531387066903,-0.9748360808803997,-0.03519531387066903
1.0,0.0,-0.02896946582857502,0.27109383363280715,-0.9710305341714249,-0.27109383363280715
1.0,0.0,-0.1784731398018239,0.03239623288176337,-0.8215268601981761,-0.03239623288176337
1.0,0.0,-0.03453536189187982,0.2626866098457904,-0.9654646381081202,-0.2626866098457904
1.0,0.0,-0.16756279435104116,0.023254457956639073,-0.8324372056489588,-0.023254457956639073
1.0,0.0,-0.029980889150111913,0.48672715547733114,-0.9700191108498881,-0.48672715547733114
1.0,0.0,-0.004716092064871613,0.005212931152679391,-0.9952839079351283,-0.005212931152679391
1.0,0.0,-0.014309529214010604,0.04786462120565021,-0.9856904707859894,-0.04786462120565021
1.0,0.0,-0.011109142290585745,0.08441936093840352,-0.9888908577094142,-0.08441936093840352
1.0,0.0,-0.07880715588468587,0.5519789066146189,-0.9211928441153141,-0.5519789066146189
1.0,0.0,-0.05436029287323906,0.22725146353608636,-0.9456397071267609,-0.22725146353608636
1.0,0.0,-0.4615562347963985,0.18499471470970083,-0.5384437652036015,-0.18499471470970083
1.0,0.0,-0.1188124063950563,0.1983985738075924,-0.8811875936049437,-0.1983985738075924
1.0,0.0,-0.332717503538189,0.639958149098357,-0.6672824964618109,-0.639958149098357
1.0,0.0,-0.4322653374186616,0.592715690299214,-0.5677346625813384,-0.592715690299214
1.0,0.0,-0.19078832004869864,0.5352173238765059,-0.8092116799513014,-0.5352173238765059
1.0,0.0,-0.2765081287090834,0.7298093781972795,-0.7234918712909166,-0.7298093781972795
1.0,0.0,-0.19060440847026605,0.21865310035349736,-0.809395591529734,-0.21865310035349736
1.0,0.0,-0.1352865504615614,0.21457553597356457,-0.8647134495384385,-0.21457553597356457
1.0,0.0,-0.3072643367829764,0.5341385209116091,-0.6927356632170236,-0.5341385209116091
1.0,0.0,-0.24568794645752606,0.4114713227163263,-0.7543120535424739,-0.4114713227163263
1.0,0.0,-0.039312239331834496,0.21086096964026543,-0.9606877606681655,-0.21086096964026543
1.0,0.0,-0.084936568498273,0.876458270728552,-0.915063431501727,-0.876458270728552
1.0,0.0,-0.13174268826737323,0.12854190879761915,-0.8682573117326268,-0.12854190879761915
1.0,0.0,-0.08652843351068457,0.029121547424148013,-0.9134715664893154,-0.029121547424148013
1.0,0.0,-0.011189808990413214,0.026895867661511978,-0.9888101910095868,-0.026895867661511978
1.0,0.0,-0.07694545569732053,0.10261706391568645,-0.9230545443026794,-0.10261706391568645
1.0,0.0,-0.13954785098791933,0.14675417343584263,-0.8604521490120807,-0.14675417343584263
1.0,0.0,-0.44530459196125527,0.03896293003624274,-0.5546954080387447,-0.03896293003624274
1.0,0.0,-0.19838821083631608,0.5459999977110362,-0.8016117891636839,-0.5459999977110362
1.0,0.0,-0.07942331774277067,0.11733094905373895,-0.9205766822572293,-0.11733094905373895
1.0,0.0,-0.3199875957932663,0.8115419286845762,-0.6800124042067337,-0.8115419286845762
1.0,0.0,-0.45724473025048235,0.20894710173752895,-0.5427552697495177,-0.20894710173752895
1.0,0.0,-0.43481536461826426,0.42197075176989923,-0.5651846353817358,-0.42197075176989923
1.0,0.0,-0.43240487391183535,0.44526608718326066,-0.5675951260881646,-0.44526608718326066
1.0,0.0,-0.3015933140087695,0.2172452202041097,-0.6984066859912306,-0.2172452202041097
1.0,0.0,-0.35764764904876084,0.24910671741635226,-0.6423523509512392,-0.24910671741635226
1.0,0.0,-0.3303588681915964,0.5782035475867133,-0.6696411318084037,-0.5782035475867133
1.0,0.0,-0.03750221935141379,0.041655144162452924,-0.9624977806485862,-0.041655144162452924
1.0,0.0,-0.35630333913834816,0.7765617859797914,-0.6436966608616519,-0.7765617859797914
1.0,0.0,-0.11384671794568263,0.17588035224074586,-0.8861532820543174,-0.17588035224074586
1.0,0.0,-0.2613219631505526,0.02592027027410946,-0.7386780368494474,-0.02592027027410946
1.0,0.0,-0.14727345600651437,0.14584161059265935,-0.8527265439934857,-0.14584161059265935
1.0,0.0,-0.2637636179324989,0.4003022719806067,-0.7362363820675011,-0.4003022719806067
1.0,0.0,-0.045187690982934424,0.23175177875193728,-0.9548123090170656,-0.23175177875193728
1.0,0.0,-0.10857601201114503,0.16576791193192242,-0.891423987988855,-0.16576791193192242
1.0,0.0,-0.0015652715025902494,0.10707521434622067,-0.9984347284974098,-0.10707521434622067
1.0,0.0,-0.009673280111861464,0.23660718319521964,-0.9903267198881386,-0.23660718319521964
1.0,0.0,-0.12626340020672583,0.08525346039248373,-0.8737365997932742,-0.08525346039248373
1.0,0.0,-0.3810234692288143,0.5545296050729762,-0.6189765307711856,-0.5545296050729762
1.0,0.0,-0.014176758450752391,0.012773362637992317,-0.9858232415492476,-0.012773362637992317
1.0,0.0,-0.43233591203627836,0.20651342088406946,-0.5676640879637216,-0.20651342088406946
1.0,0.0,-0.15871697511274646,0.5937380883053833,-0.8412830248872536,-0.5937380883053833
1.0,0.0,-0.3679655697897104,0.2683551765223374,-0.6320344302102896,-0.2683551765223374
1.0,0.0,-0.0734992962423473,0.22557948754768223,-0.9265007037576527,-0.22557948754768223
1.0,0.0,-0.1873529587210056,0.1538240449757893,-0.8126470412789943,-0.1538240449757893
1.0,0.0,-0.060671534370146524,0.6477296004372776,-0.9393284656298535,-0.6477296004372776
1.0,0.0,-0.09579718917024622,0.3734286706506077,-0.9042028108297537,-0.3734286706506077
1.0,0.0,-0.29522864650930475,0.00872566282663019,-0.7047713534906952,-0.00872566282663019
1.0,0.0,-0.2327770199508427,0.40120525585003786,-0.7672229800491572,-0.40120525585003786
1.0,0.0,-0.0030275134474040803,0.1835540077191468,-0.996972486552596,-0.1835540077191468
1.0,0.0,-0.19641669766557368,0.335622173788074,-0.8035833023344263,-0.335622173788074
1.0,0.0,-0.30924096480372765,0.031086989183060233,-0.6907590351962724,-0.031086989183060233
1.0,0.0,-0.49608252693890376,0.7582480207076688,-0.5039174730610962,-0.7582480207076688
1.0,0.0,-0.4327188161042032,0.421891410720444,-0.5672811838957967,-0.421891410720444
1.0,0.0,-0.3876497206714118,0.0006810624847746788,-0.6123502793285882,-0.0006810624847746788
1.0,0.0,-0.26575315541721956,0.7332975394920261,-0.7342468445827804,-0.7332975394920261
1.0,0.0,-0.004358130097830148,0.11045279814294434,-0.9956418699021699,-0.11045279814294434
1.0,0.0,-0.04911593294012917,0.05615246920966517,-0.9508840670598708,-0.05615246920966517
1.0,0.0,-0.08279392439719589,0.3994176534537438,-0.9172060756028041,-0.3994176534537438
1.0,0.0,-0.0036874918067113177,0.2681437157722121,-0.9963125081932886,-0.2681437157722121
1.0,0.0,-0.15624532597760082,0.2663502488117649,-0.8437546740223991,-0.2663502488117649
1.0,0.0,-0.00582066673225573,0.0005560332785422152,-0.9941793332677442,-0.0005560332785422152
1.0,0.0,-0.4579592215244823,0.3664238587584098,-0.5420407784755177,-0.3664238587584098
1.0,0.0,-0.18452367449294882,0.35736437516545244,-0.8154763255070512,-0.35736437516545244
1.0,0.0,-0.24289675556245277,0.23741294308902552,-0.7571032444375472,-0.23741294308902552
1.0,0.0,-0.23522929539946985,0.29477391365951744,-0.7647707046005301,-0.29477391365951744
1.0,0.0,-0.013196829563635442,0.9113534966518887,-0.9868031704363646,-0.9113534966518887
1.0,0.0,-0.4007736526446903,0.8341037785721569,-0.5992263473553097,-0.8341037785721569
1.0,0.0,-0.39116326439544835,0.12364138229517872,-0.6088367356045516,-0.12364138229517872
1.0,0.0,-0.02390229077131559,0.08385200178905289,-0.9760977092286844,-0.08385200178905289
1.0,0.0,-0.0036501152081710535,0.31230723589546394,-0.996349884791829,-0.31230723589546394
1.0,0.0,-0.42587709433732956,0.17936222968199195,-0.5741229056626704,-0.17936222968199195
1.0,0.0,-0.3548069430328973,0.5433594600127575,-0.6451930569671027,-0.5433594600127575
1.0,0.0,-0.244532692083609,0.31845546925496065,-0.7554673079163909,-0.31845546925496065
1.0,0.0,-0.3451794252399673,0.15060449755481625,-0.6548205747600326,-0.15060449755481625
1.0,0.0,-0.13018410122139396,0.03794763042677066,-0.869815898778606,-0.03794763042677066
1.0,0.0,-0.2762240248134872,0.4739654696090995,-0.7237759751865128,-0.4739654696090995
1.0,0.0,-0.30685550490982083,0.4511477383765381,-0.6931444950901792,-0.4511477383765381
1.0,0.0,-0.03148901172381635,0.008223787688024047,-0.9685109882761836,-0.008223787688024047
1.0,0.0,-0.07999058419305233,0.18888851094283632,-0.9200094158069476,-0.18888851094283632
1.0,0.0,-0.38999409543125485,0.33157664185028757,-0.6100059045687451,-0.33157664185028757
1.0,0.0,-0.03343988623096972,0.05628251839826513,-0.9665601137690303,-0.05628251839826513
1.0,0.0,-0.1180627315221946,0.013357819804245401,-0.8819372684778054,-0.013357819804245401
1.0,0.0,-0.016600069221461514,0.09062352652057702,-0.9833999307785385,-0.09062352652057702
1.0,0.0,-0.11958164148983869,0.2886407019688795,-0.8804183585101613,-0.2886407019688795
1.0,0.0,-0.3084257618857915,0.3234640819304327,-0.6915742381142085,-0.3234640819304327
1.0,0.0,-0.29760861212323286,0.18814341690334507,-0.7023913878767671,-0.18814341690334507
1.0,0.0,-0.12849529928818648,0.17646418939789524,-0.8715047007118135,-0.17646418939789524
1.0,0.0,-0.0697653701394208,0.07563692474240377,-0.9302346298605793,-0.07563692474240377
1.0,0.0,-0.20223394466362715,0.11581638050522225,-0.7977660553363728,-0.11581638050522225
1.0,0.0,-0.11415089261296993,0.2820319335702178,-0.88584910738703,-0.2820319335702178
1.0,0.0,-0.06426256124982038,0.04845289595740798,-0.9357374387501796,-0.04845289595740798
1.0,0.0,-0.15523381638673595,0.13862403732097947,-0.844766183613264,-0.13862403732097947
1.0,0.0,-0.035333992408365836,0.13829288807012025,-0.9646660075916341,-0.13829288807012025
1.0,0.0,-0.3815784247342445,0.1330798689549055,-0.6184215752657555,-0.1330798689549055
1.0,0.0,-0.13026248017035835,0.4180453555429459,-0.8697375198296416,-0.4180453555429459
1.0,0.0,-0.19281213239567374,0.1883978238755841,-0.8071878676043263,-0.1883978238755841
1.0,0.0,-0.41772793637222505,0.06289257518884102,-0.582272063627775,-0.06289257518884102
1.0,0.0,-0.06207741167053071,0.07590318136084905,-0.9379225883294693,-0.07590318136084905
1.0,0.0,-0.02158080006837565,0.03393236611356994,-0.9784191999316243,-0.03393236611356994
1.0,0.0,-0.47794654745209514,0.28041981320891485,-0.5220534525479048,-0.28041981320891485
1.0,0.0,-0.473281588642985,0.6413749315960928,-0.526718411357015,-0.6413749315960928
1.0,0.0,-0.3956190395410217,0.9001916089490967,-0.6043809604589783,-0.9001916089490967
1.0,0.0,-0.4631481710046083,0.29052658654817387,-0.5368518289953916,-0.29052658654817387
1.0,0.0,-0.11695239497102732,0.6314892509275717,-0.8830476050289727,-0.6314892509275717
1.0,0.0,-0.024410870074590654,0.2082664163034429,-0.9755891299254094,-0.2082664163034429
1.0,0.0,-0.13334664362388507,0.9444409657803564,-0.866653356376115,-0.9444409657803564
1.0,0.0,-0.2772684273956145,0.4244051766129027,-0.7227315726043855,-0.4244051766129027
1.0,0.0,-0.3258883954159809,0.42754649333326566,-0.6741116045840191,-0.42754649333326566
1.0,0.0,-0.43152792006380186,0.5242234867155847,-0.5684720799361982,-0.5242234867155847
1.0,0.0,-0.04217407663435843,0.0937827367049292,-0.9578259233656415,-0.0937827367049292
1.0,0.0,-0.08729448990695882,0.06077834823187193,-0.9127055100930412,-0.06077834823187193
1.0,0.0,-0.015330700503284778,0.8818620816522766,-0.9846692994967152,-0.8818620816522766
1.0,0.0,-0.2671815628809354,0.7441520390116715,-0.7328184371190646,-0.7441520390116715
1.0,0.0,-0.20227779773565363,0.2686885009811513,-0.7977222022643464,-0.2686885009811513
1.0,0.0,-0.12060565169772061,0.4118975350849814,-0.8793943483022794,-0.4118975350849814
1.0,0.0,-0.12037622824252064,0.09926307463184693,-0.8796237717574793,-0.09926307463184693
1.0,0.0,-0.2661840802819931,0.31713046056547345,-0.733815919718007,-0.31713046056547345
1.0,0.0,-0.00438505622448726,0.0070991965963450995,-0.9956149437755127,-0.0070991965963450995
1.0,0.0,-0.0921800535587277,0.20139431679072525,-0.9078199464412723,-0.20139431679072525
1.0,0.0,-0.4745577633166543,0.6686975055322503,-0.5254422366833458,-0.6686975055322503
1.0,0.0,-0.35482283018703814,0.6125296540735145,-0.6451771698129618,-0.6125296540735145
1.0,0.0,-0.4670744845937834,0.6897961623700639,-0.5329255154062166,-0.6897961623700639
1.0,0.0,-0.2543238398464553,0.2170852816299481,-0.7456761601535447,-0.2170852816299481
1.0,0.0,-0.1570831521027799,0.10708101820047272,-0.8429168478972201,-0.10708101820047272
1.0,0.0,-0.07326249161274406,0.10121567789603321,-0.926737508387256,-0.10121567789603321
1.0,0.0,-0.14273219201866028,0.8557229036477039,-0.8572678079813397,-0.8557229036477039
1.0,0.0,-0.390268966707826,0.34156494246118124,-0.6097310332921739,-0.34156494246118124
1.0,0.0,-0.32080396036790515,0.14937146894490663,-0.6791960396320949,-0.14937146894490663
1.0,0.0,-0.24491559562793347,0.16931945572030324,-0.7550844043720666,-0.16931945572030324
1.0,0.0,-0.10298871576730131,0.3833202423307796,-0.8970112842326987,-0.3833202423307796
1.0,0.0,-0.1376662260671963,0.1733847855444842,-0.8623337739328036,-0.1733847855444842
1.0,0.0,-0.02180938612806743,0.020598170009722257,-0.9781906138719325,-0.020598170009722257
1.0,0.0,-0.41994748311420893,0.03883195294113016,-0.5800525168857911,-0.03883195294113016
1.0,0.0,-0.359714076275559,0.6005756729080234,-0.6402859237244409,-0.6005756729080234
1.0,0.0,-0.006290876405321088,0.016399070880226567,-0.9937091235946789,-0.016399070880226567
1.0,0.0,-0.3428611847093415,0.7189513902596034,-0.6571388152906585,-0.7189513902596034
1.0,0.0,-0.07254157736575452,0.42946605855839876,-0.9274584226342455,-0.42946605855839876
1.0,0.0,-0.4520144951316863,0.5583533236997799,-0.5479855048683138,-0.5583533236997799
1.0,0.0,-0.4805281116625753,0.798949179272209,-0.5194718883374247,-0.798949179272209
1.0,0.0,-0.15409495865527745,0.10483841391210545,-0.8459050413447226,-0.10483841391210545
1.0,0.0,-0.18267948576160475,0.03771242595011588,-0.8173205142383952,-0.03771242595011588
1.0,0.0,-0.35164299913497055,0.17675521402331756,-0.6483570008650295,-0.17675521402331756
1.0,0.0,-0.33201623878303543,0.13909088750246362,-0.6679837612169646,-0.13909088750246362
1.0,0.0,-0.027712881011456303,0.03776246248939179,-0.9722871189885437,-0.03776246248939179
1.0,0.0,-0.2925971280337217,0.46190503187833104,-0.7074028719662784,-0.46190503187833104
1.0,0.0,-0.10613378630276332,0.009768730469758909,-0.8938662136972366,-0.009768730469758909
1.0,0.0,-0.323917299862867,0.5588384884644149,-0.676082700137133,-0.5588384884644149
1.0,0.0,-0.4184402122988193,0.34991165646913774,-0.5815597877011807,-0.34991165646913774
1.0,0.0,-0.33605431813606224,0.8441494850536018,-0.6639456818639378,-0.8441494850536018
1.0,0.0,-0.08191848817969706,0.17723938377164877,-0.918081511820303,-0.17723938377164877
1.0,0.0,-0.2968030116800444,0.08490220304715758,-0.7031969883199556,-0.08490220304715758
1.0,0.0,-0.373853398995213,0.42268516882789475,-0.6261466010047869,-0.42268516882789475
1.0,0.0,-0.16158905624543396,0.18331663065425438,-0.838410943754566,-0.18331663065425438
1.0,0.0,-0.30299531956614795,0.34712129268649167,-0.6970046804338521,-0.34712129268649167
1.0,0.0,-0.194566143001212,0.40701358636431667,-0.805433856998788,-0.40701358636431667
1.0,0.0,-0.40100057553173973,0.8786398548397174,-0.5989994244682603,-0.8786398548397174
1.0,0.0,-0.44171912093914756,0.678924414925552,-0.5582808790608524,-0.678924414925552
1.0,0.0,-0.028389490869283183,0.5541219595777158,-0.9716105091307168,-0.5541219595777158
1.0,0.0,-0.12280782842061988,0.0331987169001043,-0.8771921715793801,-0.0331987169001043
1.0,0.0,-0.010743373385042424,0.06722502668366585,-0.9892566266149576,-0.06722502668366585
1.0,0.0,-0.16413433057472257,0.3082719657231968,-0.8358656694252774,-0.3082719657231968
1.0,0.0,-0.30158754716431563,0.022157190753824333,-0.6984124528356843,-0.022157190753824333
1.0,0.0,-0.054300283142576046,0.23703996741053082,-0.9456997168574239,-0.23703996741053082
1.0,0.0,-0.30733679154891763,0.43365586208466916,-0.6926632084510824,-0.43365586208466916
1.0,0.0,-0.08997032437813168,0.10016230385452173,-0.9100296756218683,-0.10016230385452173
1.0,0.0,-0.050545646749146855,0.0722274911379899,-0.9494543532508531,-0.0722274911379899
1.0,0.0,-0.17601971338521843,0.7478832050412517,-0.8239802866147816,-0.7478832050412517
1.0,0.0,-0.10346881652103038,0.9739726001712193,-0.8965311834789697,-0.9739726001712193
1.0,0.0,-0.21401878359507287,0.22582525066503747,-0.7859812164049271,-0.22582525066503747
1.0,0.0,-0.18285131638122082,0.2336903158925969,-0.8171486836187791,-0.2336903158925969
1.0,0.0,-0.006448737646924163,0.0025950435217648254,-0.9935512623530758,-0.0025950435217648254
1.0,0.0,-0.23859032055058538,0.24045665728879778,-0.7614096794494146,-0.24045665728879778
1.0,0.0,-0.436978870302508,0.4085990506862993,-0.5630211296974921,-0.4085990506862993
1.0,0.0,-0.3219385921137392,0.060423853712176796,-0.6780614078862608,-0.060423853712176796
1.0,0.0,-0.13934156088148147,0.9682561882096112,-0.8606584391185186,-0.9682561882096112
1.0,0.0,-0.2998957664530663,0.5065514344096073,-0.7001042335469336,-0.5065514344096073
1.0,0.0,-0.16030172155322547,0.269170127277896,-0.8396982784467746,-0.269170127277896
1.0,0.0,-0.16730955000970116,0.1343039259944847,-0.8326904499902988,-0.1343039259944847
1.0,0.0,-0.026926116528837852,0.25676218435052434,-0.9730738834711622,-0.25676218435052434
1.0,0.0,-0.2925906052345016,0.3200807281569766,-0.7074093947654985,-0.3200807281569766
1.0,0.0,-0.060383024131720225,0.8274806867264888,-0.9396169758682797,-0.8274806867264888
1.0,0.0,-0.3932438537289121,0.8234267824516396,-0.606756146271088,-0.8234267824516396
1.0,0.0,-0.05766957016619223,0.09920161363152148,-0.9423304298338078,-0.09920161363152148
1.0,0.0,-0.18980558677819445,0.51885174978002,-0.8101944132218055,-0.51885174978002
1.0,0.0,-0.2997889043972976,0.37901053771116044,-0.7002110956027023,-0.37901053771116044
1.0,0.0,-0.011529893322008171,0.1080009846639412,-0.9884701066779918,-0.1080009846639412
1.0,0.0,-0.24020097588454326,0.21021045500546634,-0.7597990241154567,-0.21021045500546634
1.0,0.0,-0.12841031434471323,0.2194794611810828,-0.8715896856552867,-0.2194794611810828
1.0,0.0,-0.31115251217766515,0.6002639686297182,-0.6888474878223348,-0.6002639686297182
1.0,0.0,-0.2880642288430277,0.11203538385031679,-0.7119357711569723,-0.11203538385031679
1.0,0.0,-0.4098626268984308,0.43834430564682925,-0.5901373731015692,-0.43834430564682925
1.0,0.0,-0.4541456948620463,0.16134794889028745,-0.5458543051379536,-0.16134794889028745
1.0,0.0,-0.095946834851797,0.025475915530365146,-0.904053165148203,-0.025475915530365146
1.0,0.0,-0.09341907505712738,0.1241497988585896,-0.9065809249428727,-0.1241497988585896
1.0,0.0,-0.1496297870805841,0.239077507528867,-0.850370212919416,-0.239077507528867
1.0,0.0,-0.40312726467359317,0.6908385885816759,-0.5968727353264068,-0.6908385885816759
1.0,0.0,-0.03857473981358892,0.9300514208527974,-0.9614252601864111,-0.9300514208527974
1.0,0.0,-0.17529781969568642,0.004740527017880265,-0.8247021803043135,-0.004740527017880265
1.0,0.0,-0.38754559084264484,0.648392946657245,-0.6124544091573552,-0.648392946657245
1.0,0.0,-0.44775108238055555,0.22744382483787148,-0.5522489176194445,-0.22744382483787148
1.0,0.0,-0.4624802930116554,0.1014944355057323,-0.5375197069883446,-0.1014944355057323
1.0,0.0,-0.3831916048295468,0.909491819666007,-0.6168083951704533,-0.909491819666007
1.0,0.0,-0.27285896641097385,0.9472552341341336,-0.7271410335890262,-0.9472552341341336
1.0,0.0,-0.0908393846688813,0.4469500645334375,-0.9091606153311187,-0.4469500645334375
1.0,0.0,-0.037311963918832736,0.05386232637244541,-0.9626880360811673,-0.05386232637244541
1.0,0.0,-0.07422607783783007,0.25022099227639716,-0.9257739221621699,-0.25022099227639716
1.0,0.0,-0.037329834313844484,0.2780172279699479,-0.9626701656861555,-0.2780172279699479
1.0,0.0,-0.15159158216708107,0.18900789945148797,-0.848408417832919,-0.18900789945148797
1.0,0.0,-0.2934040052881245,0.4301457990967803,-0.7065959947118755,-0.4301457990967803
1.0,0.0,-0.00921499583213542,0.01460103039913622,-0.9907850041678645,-0.01460103039913622
1.0,0.0,-0.07129997398554738,0.002883413061035546,-0.9287000260144527,-0.002883413061035546
1.0,0.0,-0.06745052025176748,0.15570022651870857,-0.9325494797482325,-0.15570022651870857
1.0,0.0,-0.16526631289152233,0.2117862800093253,-0.8347336871084776,-0.2117862800093253
1.0,0.0,-0.2834080193864797,0.8285199660111596,-0.7165919806135204,-0.8285199660111596
1.0,0.0,-0.24727114985322868,0.36626386567564995,-0.7527288501467713,-0.36626386567564995
1.0,0.0,-0.1204027059460338,0.1649738530141776,-0.8795972940539662,-0.1649738530141776
1.0,0.0,-0.33641074849178676,0.5127461875580388,-0.6635892515082132,-0.5127461875580388
1.0,0.0,-0.414724893996007,0.003059541564634344,-0.585275106003993,-0.003059541564634344
1.0,0.0,-0.037395553377748414,0.0010043258338279881,-0.9626044466222516,-0.0010043258338279881
1.0,0.0,-0.0290142755090311,0.06125264206881691,-0.9709857244909689,-0.06125264206881691
1.0,0.0,-0.07007783012430174,0.0256226296884549,-0.9299221698756983,-0.0256226296884549
1.0,0.0,-0.21829473340425545,0.9578290061614532,-0.7817052665957446,-0.9578290061614532
1.0,0.0,-0.3680375859000637,0.24635744604141854,-0.6319624140999363,-0.24635744604141854
1.0,0.0,-0.06402066078362156,0.08542036755143256,-0.9359793392163784,-0.08542036755143256
1.0,0.0,-0.3606548782523405,0.35216713187478754,-0.6393451217476596,-0.35216713187478754
1.0,0.0,-0.2221832298373027,0.24771619393568278,-0.7778167701626972,-0.24771619393568278
1.0,0.0,-0.35545055318142843,0.09846254828479488,-0.6445494468185715,-0.09846254828479488
1.0,0.0,-0.005951204453026777,0.07538590974306761,-0.9940487955469732,-0.07538590974306761
1.0,0.0,-0.2107427503828589,0.04477670870957346,-0.789257249617141,-0.04477670870957346
1.0,0.0,-0.4301428289438669,0.3137482796571903,-0.5698571710561331,-0.3137482796571903
1.0,0.0,-0.08702443344711294,0.30455829993815386,-0.912975566552887,-0.30455829993815386
1.0,0.0,-0.1372904275839381,0.5283888058215059,-0.8627095724160618,-0.5283888058215059
1.0,0.0,-0.395797311251613,0.6455864048368994,-0.604202688748387,-0.6455864048368994
1.0,0.0,-0.14387828174934403,0.20801051279455768,-0.856121718250656,-0.20801051279455768
1.0,0.0,-0.058047265559463226,0.13273321991686543,-0.9419527344405367,-0.13273321991686543
1.0,0.0,-0.0009885904334421874,0.1443672314471744,-0.9990114095665578,-0.1443672314471744
1.0,0.0,-0.24859832744865168,0.3509576810913525,-0.7514016725513484,-0.3509576810913525
1.0,0.0,-0.05121002867440727,0.07400624612350096,-0.9487899713255927,-0.07400624612350096
1.0,0.0,-0.014793118248509873,0.0033232926566243277,-0.9852068817514901,-0.0033232926566243277
1.0,0.0,-0.39289300488484213,0.053259460628305944,-0.6071069951151579,-0.053259460628305944
1.0,0.0,-0.39124207351334234,0.07145795343856962,-0.6087579264866576,-0.07145795343856962
1.0,0.0,-0.015265543535482097,0.12297294567827843,-0.9847344564645178,-0.12297294567827843
1.0,0.0,-0.24587869132680434,0.37220992566989264,-0.7541213086731957,-0.37220992566989264
1.0,0.0,-0.1428559633265093,0.13830286056934052,-0.8571440366734907,-0.13830286056934052
1.0,0.0,-0.1051972126814948,0.751422549800826,-0.8948027873185052,-0.751422549800826
1.0,0.0,-0.4880213856184348,0.32939979982493534,-0.5119786143815652,-0.32939979982493534
1.0,0.0,-0.04521871806270778,0.45591987733459594,-0.9547812819372922,-0.45591987733459594
1.0,0.0,-0.34091057381183726,0.6570919884621984,-0.6590894261881628,-0.6570919884621984
1.0,0.0,-0.3851184648520277,0.17888936952465562,-0.6148815351479723,-0.17888936952465562
1.0,0.0,-0.02378241080804483,0.01222587669360737,-0.9762175891919551,-0.01222587669360737
1.0,0.0,-0.06796878389247915,0.4015860542399188,-0.9320312161075208,-0.4015860542399188
1.0,0.0,-0.004935295331719269,0.0009832876235825018,-0.9950647046682808,-0.0009832876235825018
1.0,0.0,-0.05064588699188221,0.1826197447641479,-0.9493541130081178,-0.1826197447641479
1.0,0.0,-0.08630854659204851,0.12161673717343949,-0.9136914534079514,-0.12161673717343949
1.0,0.0,-0.42689222368874463,0.6348629636583119,-0.5731077763112553,-0.6348629636583119
1.0,0.0,-0.2501675587194879,0.4285419119926089,-0.7498324412805121,-0.4285419119926089
1.0,0.0,-0.3304139563726589,0.25303268300773823,-0.6695860436273411,-0.25303268300773823
1.0,0.0,-0.003068669685419619,0.6971410244867932,-0.9969313303145804,-0.6971410244867932
1.0,0.0,-0.406239367777639,0.0603319445449702,-0.593760632222361,-0.0603319445449702
1.0,0.0,-0.07139496053151918,0.30063695481362684,-0.9286050394684808,-0.30063695481362684
1.0,0.0,-0.4987244320461314,0.5973293407775531,-0.5012755679538685,-0.5973293407775531
1.0,0.0,-0.036982185950304336,0.008946576671635127,-0.9630178140496957,-0.008946576671635127
1.0,0.0,-0.2206269438782622,0.0117493465795021,-0.7793730561217378,-0.0117493465795021
1.0,0.0,-0.06193877186141794,0.057967288988528,-0.9380612281385821,-0.057967288988528
1.0,0.0,-0.32395106788906164,0.51064519906411,-0.6760489321109384,-0.51064519906411
1.0,0.0,-0.4207741321845432,0.48283637054095546,-0.5792258678154568,-0.48283637054095546
1.0,0.0,-0.1906468594981265,0.0662480317149831,-0.8093531405018735,-0.0662480317149831
1.0,0.0,-0.07805897508071957,0.015655042682016104,-0.9219410249192804,-0.015655042682016104
1.0,0.0,-0.09302330580130203,0.15530106520665937,-0.906976694198698,-0.15530106520665937
1.0,0.0,-0.10605983945862896,0.17327355265966177,-0.893940160541371,-0.17327355265966177
1.0,0.0,-0.1530383024135999,0.1162496684634081,-0.8469616975864,-0.1162496684634081
1.0,0.0,-0.2576013843989806,0.07040199232143213,-0.7423986156010194,-0.07040199232143213
1.0,0.0,-0.1626435111519095,0.18356182933723242,-0.8373564888480904,-0.18356182933723242
1.0,0.0,-0.41435510522545493,0.5379197470277987,-0.5856448947745451,-0.5379197470277987
1.0,0.0,-0.19450532874042664,0.4108144109466778,-0.8054946712595734,-0.4108144109466778
1.0,0.0,-0.42742139042141175,0.09382425806871497,-0.5725786095785883,-0.09382425806871497
1.0,0.0,-0.3899085000408989,0.44158275905780353,-0.6100914999591012,-0.44158275905780353
1.0,0.0,-0.4929408490605879,0.7845948792081784,-0.5070591509394121,-0.7845948792081784
1.0,0.0,-0.2640919318908064,0.23012544164451412,-0.7359080681091936,-0.23012544164451412
1.0,0.0,-0.2930892518305979,0.26477731112463937,-0.7069107481694021,-0.26477731112463937
1.0,0.0,-0.296384502131583,0.2602776478031675,-0.703615497868417,-0.2602776478031675
1.0,0.0,-0.2686460640624853,0.397083648069277,-0.7313539359375147,-0.397083648069277
1.0,0.0,-0.3605571267188499,0.4224445458790858,-0.6394428732811501,-0.4224445458790858
1.0,0.0,-0.04774026224397482,0.07912617713751169,-0.9522597377560251,-0.07912617713751169
1.0,0.0,-0.20029275160069032,0.30114834062625523,-0.7997072483993097,-0.30114834062625523
1.0,0.0,-0.34327481523287423,0.8875364741606763,-0.6567251847671258,-0.8875364741606763
1.0,0.0,-0.13300507034804326,0.21952756703054876,-0.8669949296519568,-0.21952756703054876
1.0,0.0,-0.04188910017854547,0.06371417408884335,-0.9581108998214545,-0.06371417408884335
1.0,0.0,-0.15608081257486298,0.46713215559700494,-0.843919187425137,-0.46713215559700494
1.0,0.0,-0.02056178897820624,0.30716834106666746,-0.9794382110217937,-0.30716834106666746
1.0,0.0,-0.19362300810694244,0.2896644859047917,-0.8063769918930576,-0.2896644859047917
1.0,0.0,-0.37934258397393295,0.6320044718226087,-0.620657416026067,-0.6320044718226087
1.0,0.0,-0.49930698393193396,0.5094523370182755,-0.500693016068066,-0.5094523370182755
1.0,0.0,-0.1483395039284276,0.8767271200408566,-0.8516604960715723,-0.8767271200408566
1.0,0.0,-0.12042240004158977,0.3725438767199003,-0.8795775999584102,-0.3725438767199003
1.0,0.0,-0.21677693841121443,0.3232595662923753,-0.7832230615887856,-0.3232595662923753
1.0,0.0,-0.0697666104327108,0.735403752438974,-0.9302333895672892,-0.735403752438974
1.0,0.0,-0.26029559981385936,0.1533493992052562,-0.7397044001861406,-0.1533493992052562
1.0,0.0,-0.18548973158398724,0.17063664852038876,-0.8145102684160128,-0.17063664852038876
1.0,0.0,-0.1484019527948819,0.06724451405233799,-0.8515980472051181,-0.06724451405233799
1.0,0.0,-0.12703857795080245,0.6840141109465858,-0.8729614220491976,-0.6840141109465858
1.0,0.0,-0.12458766003696686,0.04716226000936342,-0.8754123399630331,-0.04716226000936342
1.0,0.0,-0.41976104924134117,0.7925920237968095,-0.5802389507586588,-0.7925920237968095
1.0,0.0,-0.16387216773094576,0.747301915229539,-0.8361278322690542,-0.747301915229539
1.0,0.0,-0.24081292781011998,0.028023535389470673,-0.75918707218988,-0.028023535389470673
1.0,0.0,-0.40618493946344686,0.3833109058018652,-0.5938150605365531,-0.3833109058018652
1.0,0.0,-0.14110646789910153,0.054885608497616076,-0.8588935321008985,-0.054885608497616076
1.0,0.0,-0.22589757897112606,0.14961630724150637,-0.7741024210288739,-0.14961630724150637
1.0,0.0,-0.30020169927064266,0.3661463503543776,-0.6997983007293573,-0.3661463503543776
1.0,0.0,-0.31530211949869136,0.44203499087857095,-0.6846978805013086,-0.44203499087857095
1.0,0.0,-0.0025053042549215143,0.0010722518405010602,-0.9974946957450785,-0.0010722518405010602
1.0,0.0,-0.29813387138047304,0.5507238688511523,-0.7018661286195269,-0.5507238688511523
1.0,0.0,-0.0045405994736320565,0.003165776305758005,-0.9954594005263679,-0.003165776305758005
1.0,0.0,-0.16630047327776248,0.018913229424255593,-0.8336995267222376,-0.018913229424255593
1.0,0.0,-0.02167862151597412,0.05438625092525119,-0.9783213784840259,-0.05438625092525119
1.0,0.0,-0.084474624929331,0.057807966647575704,-0.915525375070669,-0.057807966647575704
1.0,0.0,-0.25098285674657356,0.23992470012472034,-0.7490171432534265,-0.23992470012472034
1.0,0.0,-0.2849697435423999,0.0011815551965470824,-0.7150302564576001,-0.0011815551965470824
1.0,0.0,-0.31897731248926825,0.3952727305805732,-0.6810226875107317,-0.3952727305805732
1.0,0.0,-0.03737821603065794,0.4997085391019824,-0.9626217839693421,-0.4997085391019824
1.0,0.0,-0.04385266617033403,0.12771105808767413,-0.956147333829666,-0.12771105808767413
1.0,0.0,-0.1979205757757989,0.3133446338985133,-0.8020794242242011,-0.3133446338985133
1.0,0.0,-0.2115322360758437,0.27289513734847953,-0.7884677639241563,-0.27289513734847953
1.0,0.0,-0.3815282265484742,0.42433238301486464,-0.6184717734515258,-0.42433238301486464
1.0,0.0,-0.056716716881068996,0.051134371014599285,-0.9432832831189311,-0.051134371014599285
1.0,0.0,-0.4194721665040997,0.7876619647977543,-0.5805278334959003,-0.7876619647977543
1.0,0.0,-0.43832798183852906,0.08882101052055205,-0.5616720181614709,-0.08882101052055205
1.0,0.0,-0.4339921321812406,0.27356549621932486,-0.5660078678187594,-0.27356549621932486
1.0,0.0,-0.05131825152317191,0.2602761502696017,-0.9486817484768281,-0.2602761502696017
1.0,0.0,-0.06759225345965049,0.4380156492334199,-0.9324077465403495,-0.4380156492334199
1.0,0.0,-0.23764815612007695,0.04971920777894028,-0.762351843879923,-0.04971920777894028
1.0,0.0,-0.13696627473720596,0.22047096463679566,-0.863033725262794,-0.22047096463679566
1.0,0.0,-0.16764318165261954,0.23985128875024697,-0.8323568183473804,-0.23985128875024697
1.0,0.0,-0.08400998143888955,0.11730509392247793,-0.9159900185611105,-0.11730509392247793
1.0,0.0,-0.0496650760351779,0.18659086241978973,-0.9503349239648221,-0.18659086241978973
1.0,0.0,-0.2596375606453258,0.7125302018907318,-0.7403624393546742,-0.7125302018907318
1.0,0.0,-0.0200548180735716,0.10183157659985294,-0.9799451819264284,-0.10183157659985294
1.0,0.0,-0.33316633103607285,0.7327150689759552,-0.6668336689639272,-0.7327150689759552
1.0,0.0,-0.14431340767755177,0.6445176285766746,-0.8556865923224483,-0.6445176285766746
1.0,0.0,-0.04422885774492233,0.07822570865871134,-0.9557711422550776,-0.07822570865871134
1.0,0.0,-0.3736855383641725,0.6860997643025647,-0.6263144616358275,-0.6860997643025647
1.0,0.0,-0.13575479408097146,0.20988164085852587,-0.8642452059190285,-0.20988164085852587
1.0,0.0,-0.22550952202837335,0.9168324824455321,-0.7744904779716266,-0.9168324824455321
1.0,0.0,-0.07469757274372202,0.01374362260604482,-0.925302427256278,-0.01374362260604482
1.0,0.0,-0.48113844907173836,0.8163934412272544,-0.5188615509282617,-0.8163934412272544
1.0,0.0,-0.1590556771392475,0.13006042405363252,-0.8409443228607525,-0.13006042405363252
1.0,0.0,-0.3525082434368412,0.1895788138290512,-0.6474917565631588,-0.1895788138290512
1.0,0.0,-0.05873499948427959,0.119585742217692,-0.9412650005157204,-0.119585742217692
1.0,0.0,-0.3762828014104065,0.641841881441389,-0.6237171985895935,-0.641841881441389
1.0,0.0,-0.027184573306192006,0.0414686876940674,-0.972815426693808,-0.0414686876940674
1.0,0.0,-0.07449032954261992,0.09733433119440148,-0.9255096704573801,-0.09733433119440148
1.0,0.0,-0.14301758215495602,0.06384869335125,-0.856982417845044,-0.06384869335125
1.0,0.0,-0.020501000050855544,0.2797247882731287,-0.9794989999491445,-0.2797247882731287
1.0,0.0,-0.20760925151452747,0.48347822740830276,-0.7923907484854725,-0.48347822740830276
1.0,0.0,-0.3739551677269208,0.5908526487705901,-0.6260448322730792,-0.5908526487705901
1.0,0.0,-0.3412903170702767,0.8411118364419967,-0.6587096829297233,-0.8411118364419967
1.0,0.0,-0.2914088503401391,0.08504035672092718,-0.7085911496598609,-0.08504035672092718
1.0,0.0,-0.03349652061412389,0.048236045021457154,-0.9665034793858761,-0.048236045021457154
1.0,0.0,-0.12396670020503037,0.018055782343178905,-0.8760332997949696,-0.018055782343178905
1.0,0.0,-0.4170264557929338,0.1711169947493707,-0.5829735442070663,-0.1711169947493707
1.0,0.0,-0.09435276902279027,0.07588432638243368,-0.9056472309772097,-0.07588432638243368
1.0,0.0,-0.0008293767892158747,0.04646508671927086,-0.9991706232107841,-0.04646508671927086
1.0,0.0,-0.1179437881597834,0.1873939005656448,-0.8820562118402167,-0.1873939005656448
1.0,0.0,-0.15386312519157114,0.03312571446352927,-0.8461368748084288,-0.03312571446352927
1.0,0.0,-0.04754758491004951,0.6919296956070775,-0.9524524150899505,-0.6919296956070775
1.0,0.0,-0.17318689038747365,0.6441681699612191,-0.8268131096125264,-0.6441681699612191
1.0,0.0,-0.2133101168604799,0.07547347207874024,-0.7866898831395202,-0.07547347207874024
1.0,0.0,-0.03008157801071304,0.026345765149663917,-0.9699184219892869,-0.026345765149663917
1.0,0.0,-0.023875894913497772,0.13547401597660755,-0.9761241050865023,-0.13547401597660755
1.0,0.0,-0.07626965793343538,0.3121656249682552,-0.9237303420665646,-0.3121656249682552
1.0,0.0,-0.09893851924642644,0.1351661971860644,-0.9010614807535735,-0.1351661971860644
1.0,0.0,-0.30393005117008476,0.4478682403777841,-0.6960699488299152,-0.4478682403777841
1.0,0.0,-0.08294819895301477,0.27328379769034195,-0.9170518010469852,-0.27328379769034195
1.0,0.0,-0.22080109164806294,0.2183311317821889,-0.7791989083519371,-0.2183311317821889
1.0,0.0,-0.2815495033196617,0.0692954916231019,-0.7184504966803382,-0.0692954916231019
1.0,0.0,-0.012638429475602286,0.05458234562627378,-0.9873615705243977,-0.05458234562627378
1.0,0.0,-0.4568380494575343,0.8030037019730226,-0.5431619505424656,-0.8030037019730226
1.0,0.0,-0.008564913533216006,0.05322043331927037,-0.991435086466784,-0.05322043331927037
1.0,0.0,-0.04105864741327164,0.0510219736591145,-0.9589413525867283,-0.0510219736591145
1.0,0.0,-0.24517547534710982,0.32352143010110856,-0.7548245246528902,-0.32352143010110856
1.0,0.0,-0.19132624446314217,0.14887539889784493,-0.8086737555368578,-0.14887539889784493
1.0,0.0,-0.06942040125395332,0.14225733520977588,-0.9305795987460467,-0.14225733520977588
1.0,0.0,-0.23880224219148202,0.6380171587857864,-0.761197757808518,-0.6380171587857864
1.0,0.0,-0.4829341026320915,0.22133711055944208,-0.5170658973679085,-0.22133711055944208
1.0,0.0,-0.03338755649909736,0.0020108846600214105,-0.9666124435009027,-0.0020108846600214105
1.0,0.0,-0.21349658667719146,0.2538431210427126,-0.7865034133228086,-0.2538431210427126
1.0,0.0,-0.02052556005967198,0.09252138970564731,-0.979474439940328,-0.09252138970564731
1.0,0.0,-0.18794426312566312,0.5211456109644885,-0.8120557368743369,-0.5211456109644885
1.0,0.0,-0.030429071885946447,0.9988126028804772,-0.9695709281140535,-0.9988126028804772
1.0,0.0,-0.37385650782296825,0.24162712726939212,-0.6261434921770317,-0.24162712726939212
1.0,0.0,-0.4862627838101725,0.6393959644098739,-0.5137372161898275,-0.6393959644098739
1.0,0.0,-0.032031965035544785,0.21626616196117568,-0.9679680349644553,-0.21626616196117568
1.0,0.0,-0.4250974124239791,0.5593291189137353,-0.574902587576021,-0.5593291189137353
1.0,0.0,-0.330342246066637,0.07696768155310811,-0.669657753933363,-0.07696768155310811
1.0,0.0,-0.2400335205408552,0.09199161966707389,-0.7599664794591448,-0.09199161966707389
1.0,0.0,-0.07423364792386361,0.014162514856312642,-0.9257663520761363,-0.014162514856312642
1.0,0.0,-0.3048053480317983,0.43655889231803297,-0.6951946519682017,-0.43655889231803297
1.0,0.0,-0.18412291741228073,0.44281779531756477,-0.8158770825877193,-0.44281779531756477
1.0,0.0,-0.3984242403192436,0.19116153243482076,-0.6015757596807564,-0.19116153243482076
1.0,0.0,-0.3267351788241602,0.8447295967408529,-0.6732648211758399,-0.8447295967408529
1.0,0.0,-0.02635532265389351,0.033383300994640756,-0.9736446773461065,-0.033383300994640756
1.0,0.0,-0.4529024222233552,0.33954404332211324,-0.5470975777766448,-0.33954404332211324
1.0,0.0,-0.09316076950665225,0.20992909476641405,-0.9068392304933477,-0.20992909476641405
1.0,0.0,-0.06480406331137628,0.02135347181016132,-0.9351959366886238,-0.02135347181016132
1.0,0.0,-0.28897694037107646,0.580725426844848,-0.7110230596289235,-0.580725426844848
1.0,0.0,-0.09581450013341797,0.07295976392364202,-0.904185499866582,-0.07295976392364202
1.0,0.0,-0.04198263084591724,0.27058534986417276,-0.9580173691540828,-0.27058534986417276
1.0,0.0,-0.06124222863681692,0.7856205640507554,-0.9387577713631831,-0.7856205640507554
1.0,0.0,-0.24494805858944185,0.35956126084229906,-0.7550519414105581,-0.35956126084229906
1.0,0.0,-0.1391194662363892,0.16772125245777003,-0.8608805337636107,-0.16772125245777003
1.0,0.0,-0.003971393548547883,0.8037349677000789,-0.9960286064514521,-0.8037349677000789
1.0,0.0,-0.19401348228926918,0.30234466271529736,-0.8059865177107308,-0.30234466271529736
1.0,0.0,-0.031284757401142324,0.2898882025089326,-0.9687152425988577,-0.2898882025089326
1.0,0.0,-0.023682801500189848,0.059199852650783466,-0.9763171984998101,-0.059199852650783466
1.0,0.0,-0.4216281379188828,0.2534049165389827,-0.5783718620811171,-0.2534049165389827
1.0,0.0,-0.1580890508282582,0.45169569453196895,-0.8419109491717418,-0.45169569453196895
1.0,0.0,-0.17181456103698411,0.024049025897064234,-0.8281854389630159,-0.024049025897064234
1.0,0.0,-0.4104108594488673,0.14022229475206988,-0.5895891405511327,-0.14022229475206988
1.0,0.0,-0.03883961745753024,0.19340065969708253,-0.9611603825424697,-0.19340065969708253
1.0,0.0,-0.14665588649379568,0.005175683569636752,-0.8533441135062043,-0.005175683569636752
1.0,0.0,-0.04095251707408551,0.4799708871614185,-0.9590474829259145,-0.4799708871614185
1.0,0.0,-0.39179572540744667,0.18008257357636331,-0.6082042745925533,-0.18008257357636331
1.0,0.0,-0.10441260743451353,0.10542004214868671,-0.8955873925654865,-0.10542004214868671
1.0,0.0,-0.12702058834223362,0.10673871106371267,-0.8729794116577664,-0.10673871106371267
1.0,0.0,-0.09883476960992663,0.6138980392207097,-0.9011652303900733,-0.6138980392207097
1.0,0.0,-0.14128976416037214,0.17490639305208752,-0.8587102358396279,-0.17490639305208752
1.0,0.0,-0.21670862728872592,0.2142223945017839,-0.783291372711274,-0.2142223945017839
1.0,0.0,-0.3434324880897042,0.38396345985502495,-0.6565675119102958,-0.38396345985502495
1.0,0.0,-0.17484002679668734,0.6526961156720946,-0.8251599732033127,-0.6526961156720946
1.0,0.0,-0.06239071165823773,0.019242616111303127,-0.9376092883417623,-0.019242616111303127
1.0,0.0,-0.3354587222955382,0.5372237742420265,-0.6645412777044618,-0.5372237742420265
1.0,0.0,-0.27289790828241045,0.28169623628394863,-0.7271020917175895,-0.28169623628394863
1.0,0.0,-0.017636938638483146,0.021602506276358534,-0.9823630613615169,-0.021602506276358534
1.0,0.0,-0.18224255100761833,0.6338074919347263,-0.8177574489923817,-0.6338074919347263
1.0,0.0,-0.45747912986185113,0.3236633509908734,-0.5425208701381489,-0.3236633509908734
1.0,0.0,-0.17912544946286696,0.5415928116811518,-0.8208745505371331,-0.5415928116811518
1.0,0.0,-0.17214031173987204,0.04417219158628908,-0.8278596882601279,-0.04417219158628908
1.0,0.0,-0.1746885526313124,0.1397803676934855,-0.8253114473686876,-0.1397803676934855
1.0,0.0,-0.2839401471972593,0.9166513164968852,-0.7160598528027406,-0.9166513164968852
1.0,0.0,-0.046085098304234684,0.5816675857565509,-0.9539149016957653,-0.5816675857565509
1.0,0.0,-0.08925224462219006,0.1381196865720086,-0.9107477553778099,-0.1381196865720086
1.0,0.0,-0.07734114084515284,0.4249130914130853,-0.9226588591548471,-0.4249130914130853
1.0,0.0,-0.23380586258862418,0.023326787790829053,-0.7661941374113759,-0.023326787790829053
1.0,0.0,-0.06991270393044191,0.07451440206601281,-0.9300872960695581,-0.07451440206601281
1.0,0.0,-0.2959627616151981,0.0018420212698063707,-0.7040372383848019,-0.0018420212698063707
1.0,0.0,-0.3340826932583314,0.435273430110623,-0.6659173067416686,-0.435273430110623
1.0,0.0,-0.04488410443260171,0.04652784737591833,-0.9551158955673983,-0.04652784737591833
1.0,0.0,-0.13520529897862266,0.10700533900288398,-0.8647947010213773,-0.10700533900288398
1.0,0.0,-0.13913298031116353,0.3478449749863621,-0.8608670196888365,-0.3478449749863621
1.0,0.0,-0.010664284426293096,0.6097213164124313,-0.9893357155737069,-0.6097213164124313
1.0,0.0,-0.1459634964342128,0.11290755997842429,-0.8540365035657872,-0.11290755997842429
1.0,0.0,-0.11686221875651631,0.1495315984986615,-0.8831377812434837,-0.1495315984986615
1.0,0.0,-0.27475434334759824,0.33540477383299694,-0.7252456566524017,-0.33540477383299694
1.0,0.0,-0.02103736469395362,0.03355791490108478,-0.9789626353060463,-0.03355791490108478
1.0,0.0,-0.03240365914967569,0.24308068113265585,-0.9675963408503243,-0.24308068113265585
1.0,0.0,-0.019227502036221904,0.044322105733263666,-0.9807724979637781,-0.044322105733263666
1.0,0.0,-0.011925731523319943,0.12166401857531756,-0.98807426847668,-0.12166401857531756
1.0,0.0,-0.42289021377990776,0.21638166410520954,-0.5771097862200922,-0.21638166410520954
1.0,0.0,-0.10899661704040592,0.163699429906178,-0.891003382959594,-0.163699429906178
1.0,0.0,-0.2616830806498891,0.45319458746272034,-0.7383169193501109,-0.45319458746272034
1.0,0.0,-0.1933031246093852,0.5361018159165086,-0.8066968753906147,-0.5361018159165086
1.0,0.0,-0.42587574541616424,0.36426961525550566,-0.5741242545838358,-0.36426961525550566
1.0,0.0,-0.2925108730177804,0.04945104480727451,-0.7074891269822197,-0.04945104480727451
1.0,0.0,-0.19440324142837162,0.12378101188552225,-0.8055967585716284,-0.12378101188552225
1.0,0.0,-0.3731286779398393,0.7513041437297535,-0.6268713220601607,-0.7513041437297535
1.0,0.0,-0.09415502527677692,0.5583728396815898,-0.9058449747232231,-0.5583728396815898
1.0,0.0,-0.4013282391502586,0.6775536957197787,-0.5986717608497414,-0.6775536957197787
1.0,0.0,-0.021132609866947826,0.06652045269602651,-0.9788673901330521,-0.06652045269602651
1.0,0.0,-0.4013534372352756,0.49129447366770523,-0.5986465627647244,-0.49129447366770523
1.0,0.0,-0.07098168123739335,0.08064551362342746,-0.9290183187626067,-0.08064551362342746
1.0,0.0,-0.13465631465496575,0.1357920212622988,-0.8653436853450343,-0.1357920212622988
1.0,0.0,-0.44665043556381606,0.1335443184531112,-0.5533495644361839,-0.1335443184531112
1.0,0.0,-0.46291056132507163,0.11425098261417393,-0.5370894386749283,-0.11425098261417393
1.0,0.0,-0.29359879486398277,0.7304522731089298,-0.7064012051360172,-0.7304522731089298
1.0,0.0,-0.21939773139031893,0.6433165943598382,-0.7806022686096811,-0.6433165943598382
1.0,0.0,-0.13294553264022474,0.08687396193634676,-0.8670544673597753,-0.08687396193634676
1.0,0.0,-0.1023279158984271,0.09360158463650368,-0.8976720841015728,-0.09360158463650368
1.0,0.0,-0.0404536099574761,0.009951526271404136,-0.9595463900425238,-0.009951526271404136
1.0,0.0,-0.2574316564323167,0.5466814639738397,-0.7425683435676833,-0.5466814639738397
1.0,0.0,-0.0007671354149442241,0.29242274408925817,-0.9992328645850558,-0.29242274408925817
1.0,0.0,-0.13011756091377827,0.2986329146914885,-0.8698824390862218,-0.2986329146914885
1.0,0.0,-0.2892742815513634,0.675691523123338,-0.7107257184486366,-0.675691523123338
1.0,0.0,-0.45998680751285614,0.7250762932852876,-0.5400131924871439,-0.7250762932852876
1.0,0.0,-0.026623460514940578,0.032214536002414494,-0.9733765394850594,-0.032214536002414494
1.0,0.0,-0.1889793046690445,0.7635526549714481,-0.8110206953309556,-0.7635526549714481
1.0,0.0,-0.49315043227477773,0.61901806788629,-0.5068495677252223,-0.61901806788629
1.0,0.0,-0.21166923178495117,0.011749565679010223,-0.7883307682150489,-0.011749565679010223
1.0,0.0,-0.42311649765733417,0.4330609248729751,-0.5768835023426658,-0.4330609248729751
1.0,0.0,-0.32416697176415854,0.6468417424677282,-0.6758330282358415,-0.6468417424677282
1.0,0.0,-0.15123399943704652,0.24916536248071003,-0.8487660005629535,-0.24916536248071003
1.0,0.0,-0.06202668896843422,0.09777071968530907,-0.9379733110315658,-0.09777071968530907
1.0,0.0,-0.004050535149128285,0.6979241653055759,-0.9959494648508718,-0.6979241653055759
1.0,0.0,-0.0831952148713257,0.12959495091203568,-0.9168047851286742,-0.12959495091203568
1.0,0.0,-0.04257767410639352,0.07455161600202823,-0.9574223258936064,-0.07455161600202823
1.0,0.0,-0.2010173268521387,0.23922187203346415,-0.7989826731478613,-0.23922187203346415
1.0,0.0,-0.23818149651978987,0.2667735395240213,-0.7618185034802101,-0.2667735395240213
1.0,0.0,-0.053219328630155216,0.07351286169191364,-0.9467806713698448,-0.07351286169191364
1.0,0.0,-0.230252216572572,0.3808780853520881,-0.769747783427428,-0.3808780853520881
1.0,0.0,-0.25836444903457384,0.46343724751257753,-0.7416355509654262,-0.46343724751257753
1.0,0.0,-0.09704751584114735,0.1663855300006329,-0.9029524841588527,-0.1663855300006329
1.0,0.0,-0.48150383364256993,0.5221334343474575,-0.5184961663574301,-0.5221334343474575
1.0,0.0,-0.49798497611996967,0.41885751852930525,-0.5020150238800303,-0.41885751852930525
1.0,0.0,-0.05031119829078978,0.0028335313549062097,-0.9496888017092102,-0.0028335313549062097
1.0,0.0,-0.49836718104244077,0.8247384581126681,-0.5016328189575592,-0.8247384581126681
1.0,0.0,-0.2858598470887872,0.6385409954969996,-0.7141401529112128,-0.6385409954969996
1.0,0.0,-0.4027998894572521,0.9057878673148162,-0.5972001105427479,-0.9057878673148162
1.0,0.0,-0.0628415795718415,0.09335913336983269,-0.9371584204281584,-0.09335913336983269
1.0,0.0,-0.24350992664483823,0.16509214546704346,-0.7564900733551618,-0.16509214546704346
1.0,0.0,-0.38612053616674546,0.647654006664395,-0.6138794638332545,-0.647654006664395
1.0,0.0,-0.21542570736145375,0.4711718540843255,-0.7845742926385463,-0.4711718540843255
1.0,0.0,-0.35235346216953634,0.6667306234523847,-0.6476465378304637,-0.6667306234523847
1.0,0.0,-0.45926648378521323,0.11790679962202244,-0.5407335162147868,-0.11790679962202244
1.0,0.0,-0.1633267365499454,0.6284084132884314,-0.8366732634500547,-0.6284084132884314
1.0,0.0,-0.1306109439636951,0.06347370026423844,-0.8693890560363049,-0.06347370026423844
1.0,0.0,-0.00803727494613132,0.044656087195259604,-0.9919627250538687,-0.044656087195259604
1.0,0.0,-0.3816230910018941,0.5809951763598964,-0.6183769089981059,-0.5809951763598964
1.0,0.0,-0.14361757853495383,0.12824289045131854,-0.8563824214650462,-0.12824289045131854
1.0,0.0,-0.24360708809993026,0.6204685282234175,-0.7563929119000697,-0.6204685282234175
1.0,0.0,-0.12475460580485298,0.10051560172634114,-0.875245394195147,-0.10051560172634114
1.0,0.0,-0.4390669902023427,0.7370884012816599,-0.5609330097976573,-0.7370884012816599
1.0,0.0,-0.3285598650402007,0.4566163120825936,-0.6714401349597994,-0.4566163120825936
1.0,0.0,-0.07424373357809033,0.11893955547064199,-0.9257562664219097,-0.11893955547064199
1.0,0.0,-0.22680779825251096,0.43127517294043877,-0.773192201747489,-0.43127517294043877
1.0,0.0,-0.03410736394444904,0.38811213679497425,-0.965892636055551,-0.38811213679497425
1.0,0.0,-0.21943774452793502,0.030509536238134016,-0.780562255472065,-0.030509536238134016
1.0,0.0,-0.4561596295978541,0.7141785444720757,-0.543840370402146,-0.7141785444720757
1.0,0.0,-0.04254637409348061,0.036129418856828084,-0.9574536259065194,-0.036129418856828084
1.0,0.0,-0.3884530703948518,0.831893023978718,-0.6115469296051482,-0.831893023978718
1.0,0.0,-0.11057617895093419,0.1676514031126742,-0.8894238210490658,-0.1676514031126742
1.0,0.0,-0.3339203497799147,0.027856712912886522,-0.6660796502200853,-0.027856712912886522
1.0,0.0,-0.05409332642960805,0.8471473295814874,-0.9459066735703919,-0.8471473295814874
1.0,0.0,-0.23652014727545057,0.6939544877505636,-0.7634798527245494,-0.6939544877505636
1.0,0.0,-0.019674390581792486,0.13909415859029395,-0.9803256094182076,-0.13909415859029395
1.0,0.0,-0.11890620216481734,0.19590617493672835,-0.8810937978351827,-0.19590617493672835
1.0,0.0,-0.039417086070128615,0.9704402082989935,-0.9605829139298714,-0.9704402082989935
1.0,0.0,-0.06083339858382316,0.8096306118300856,-0.9391666014161768,-0.8096306118300856
1.0,0.0,-0.10501401057408055,0.04302720057564182,-0.8949859894259194,-0.04302720057564182
1.0,0.0,-0.2775302608307714,0.6731973605128156,-0.7224697391692285,-0.6731973605128156
1.0,0.0,-0.08066598861624814,0.33630663040878006,-0.9193340113837518,-0.33630663040878006
1.0,0.0,-0.07432537927184174,0.051441524543946654,-0.9256746207281583,-0.051441524543946654
1.0,0.0,-0.10815170862006102,0.45780692035118664,-0.891848291379939,-0.45780692035118664
1.0,0.0,-0.4534792796254759,0.3560383326481506,-0.5465207203745241,-0.3560383326481506
1.0,0.0,-0.0694526731114803,0.13973674633771802,-0.9305473268885197,-0.13973674633771802
1.0,0.0,-0.21949580703810728,0.17139543057099907,-0.7805041929618928,-0.17139543057099907
1.0,0.0,-0.4762982880669572,0.48779322240893747,-0.5237017119330428,-0.48779322240893747
1.0,0.0,-0.2716132883876843,0.2874819210036871,-0.7283867116123157,-0.2874819210036871
1.0,0.0,-0.20621834602282413,0.29319143686063176,-0.7937816539771758,-0.29319143686063176
1.0,0.0,-0.23286250876966913,0.39590052300868755,-0.7671374912303308,-0.39590052300868755
1.0,0.0,-0.004381554611132099,0.0066342510811976466,-0.9956184453888679,-0.0066342510811976466
1.0,0.0,-0.2689290159562056,0.48936244078157864,-0.7310709840437943,-0.48936244078157864
1.0,0.0,-0.0061720196699909195,0.6513686111454384,-0.9938279803300091,-0.6513686111454384
1.0,0.0,-0.2837910887755514,0.32231635141101256,-0.7162089112244485,-0.32231635141101256
1.0,0.0,-0.06530620817690308,0.13020380873688786,-0.9346937918230969,-0.13020380873688786
1.0,0.0,-0.2863369559654835,0.5424580789882634,-0.7136630440345165,-0.5424580789882634
1.0,0.0,-0.3846056334848681,0.25034759882693197,-0.6153943665151319,-0.25034759882693197
1.0,0.0,-0.15762648155496595,0.8257439427790063,-0.842373518445034,-0.8257439427790063
1.0,0.0,-0.296784096717221,0.3826403911575116,-0.7032159032827789,-0.3826403911575116
1.0,0.0,-0.22278113398462235,0.6913022525409426,-0.7772188660153776,-0.6913022525409426
1.0,0.0,-0.2034100586847366,0.2924455110720835,-0.7965899413152634,-0.2924455110720835
1.0,0.0,-0.48866611609557364,0.4090412187498833,-0.5113338839044264,-0.4090412187498833
1.0,0.0,-0.02335595735841863,0.5554333748620188,-0.9766440426415813,-0.5554333748620188
1.0,0.0,-0.007143459116172246,0.6199538817073692,-0.9928565408838278,-0.6199538817073692
1.0,0.0,-0.30213036805516247,0.22596987165097265,-0.6978696319448375,-0.22596987165097265
1.0,0.0,-0.024603899208504587,0.038117726523664394,-0.9753961007914954,-0.038117726523664394
1.0,0.0,-0.4781779976149362,0.1552125965582509,-0.5218220023850638,-0.1552125965582509
1.0,0.0,-0.48399079065043327,0.7333131526070036,-0.5160092093495667,-0.7333131526070036
1.0,0.0,-0.015102986817501884,0.00463298230925883,-0.9848970131824981,-0.00463298230925883
1.0,0.0,-0.0072978446390978835,0.010147532925686386,-0.9927021553609021,-0.010147532925686386
1.0,0.0,-0.2517518394113038,0.14238078317507105,-0.7482481605886961,-0.14238078317507105
1.0,0.0,-0.009948760788735456,0.06410416537714382,-0.9900512392112646,-0.06410416537714382
1.0,0.0,-0.17935461132654046,0.041048602028641905,-0.8206453886734595,-0.041048602028641905
1.0,0.0,-0.4955628223805723,0.033760524279738406,-0.5044371776194276,-0.033760524279738406
1.0,0.0,-0.11720804776764722,0.7781294460400057,-0.8827919522323527,-0.7781294460400057
1.0,0.0,-0.24743856474257614,0.2977763759065389,-0.7525614352574239,-0.2977763759065389
1.0,0.0,-0.27472089005288797,0.021605025752897525,-0.7252791099471121,-0.021605025752897525
1.0,0.0,-0.47827956950083367,0.3076907783013662,-0.5217204304991663,-0.3076907783013662
1.0,0.0,-0.007900001396496908,0.09848063764434745,-0.9920999986035031,-0.09848063764434745
1.0,0.0,-0.16532261269704557,0.0684836227984862,-0.8346773873029545,-0.0684836227984862
1.0,0.0,-0.15763446993887628,0.39104777738355473,-0.8423655300611237,-0.39104777738355473
1.0,0.0,-0.09004886305144472,0.0767115421193389,-0.9099511369485553,-0.0767115421193389
1.0,0.0,-0.007413947396529996,0.19605525812505667,-0.99258605260347,-0.19605525812505667
1.0,0.0,-0.35830385449399443,0.04633955301469975,-0.6416961455060055,-0.04633955301469975
1.0,0.0,-0.03496700818715551,0.14788374955568304,-0.9650329918128445,-0.14788374955568304
1.0,0.0,-0.2097256667748547,0.018249678040089406,-0.7902743332251453,-0.018249678040089406
1.0,0.0,-0.06730018172118096,0.04735587955465448,-0.9326998182788191,-0.04735587955465448
1.0,0.0,-0.16949121577612197,0.5474197967985962,-0.8305087842238781,-0.5474197967985962
1.0,0.0,-0.2715493768854795,0.4562371903092483,-0.7284506231145205,-0.4562371903092483
1.0,0.0,-0.04773894122024419,0.06505894526889591,-0.9522610587797558,-0.06505894526889591
1.0,0.0,-0.10566169976287937,0.15501577876099504,-0.8943383002371206,-0.15501577876099504
1.0,0.0,-0.00036050182518893026,0.00035509827396707356,-0.9996394981748111,-0.00035509827396707356
1.0,0.0,-0.20120773094084746,0.49436182718737826,-0.7987922690591526,-0.49436182718737826
1.0,0.0,-0.49600320542301174,0.46574788406906936,-0.5039967945769883,-0.46574788406906936
1.0,0.0,-0.47331721454128967,0.7167968268469423,-0.5266827854587104,-0.7167968268469423
1.0,0.0,-0.4298561669436751,0.70269226797976,-0.5701438330563249,-0.70269226797976
1.0,0.0,-0.35175587465930047,0.2752204214495519,-0.6482441253406995,-0.2752204214495519
1.0,0.0,-0.2581348201893573,0.42816691057897965,-0.7418651798106427,-0.42816691057897965
1.0,0.0,-0.21803191143213307,0.3477657460977349,-0.7819680885678669,-0.3477657460977349
1.0,0.0,-0.07912638569965821,0.20609369509186173,-0.9208736143003418,-0.20609369509186173
1.0,0.0,-0.060271551049928866,0.8282197104652899,-0.9397284489500711,-0.8282197104652899
1.0,0.0,-0.39612061236303936,0.47092780606465123,-0.6038793876369606,-0.47092780606465123
1.0,0.0,-0.4449648153552375,0.1639411122606169,-0.5550351846447625,-0.1639411122606169
1.0,0.0,-0.3074868977930509,0.6255817329939941,-0.6925131022069491,-0.6255817329939941
1.0,0.0,-0.2102661906257477,0.27252101464206513,-0.7897338093742523,-0.27252101464206513
1.0,0.0,-0.28499912284900775,0.06390326575503072,-0.7150008771509923,-0.06390326575503072
1.0,0.0,-0.06601150599061387,0.15183405765867838,-0.9339884940093861,-0.15183405765867838
1.0,0.0,-0.24257608299066133,0.566254304063632,-0.7574239170093386,-0.566254304063632
1.0,0.0,-0.19524952589471042,0.6177094752192988,-0.8047504741052895,-0.6177094752192988
1.0,0.0,-0.014515357047421601,0.3515776073750716,-0.9854846429525784,-0.3515776073750716
1.0,0.0,-0.31364202685246784,0.16624410376269536,-0.6863579731475322,-0.16624410376269536
1.0,0.0,-0.012763446424717675,0.059131075261566586,-0.9872365535752823,-0.059131075261566586
1.0,0.0,-0.1446645858194226,0.3164752504103802,-0.8553354141805773,-0.3164752504103802
1.0,0.0,-0.19064363267023277,0.029787554955388266,-0.8093563673297672,-0.029787554955388266
1.0,0.0,-0.24593401173296447,0.08810917648800543,-0.7540659882670355,-0.08810917648800543
1.0,0.0,-0.020731269284008425,0.011149362048443946,-0.9792687307159915,-0.011149362048443946
1.0,0.0,-0.0037448639813545815,0.08187043175733083,-0.9962551360186455,-0.08187043175733083
1.0,0.0,-0.033395159101307734,0.40070822314582955,-0.9666048408986923,-0.40070822314582955
1.0,0.0,-0.0015976622600937264,0.11401730690677722,-0.9984023377399063,-0.11401730690677722
1.0,0.0,-0.41143624267862255,0.7152538512658266,-0.5885637573213774,-0.7152538512658266
1.0,0.0,-0.16190848152834042,0.2260909843831656,-0.8380915184716595,-0.2260909843831656
1.0,0.0,-0.10970601866367569,0.17693882121349652,-0.8902939813363243,-0.17693882121349652
1.0,0.0,-0.47495695501323104,0.6812807850792959,-0.5250430449867689,-0.6812807850792959
1.0,0.0,-0.4431518792406798,0.04856931501630788,-0.5568481207593202,-0.04856931501630788
1.0,0.0,-0.31566620177583204,0.7080705388261469,-0.684333798224168,-0.7080705388261469
1.0,0.0,-0.35961432481436,0.6688140975721962,-0.64038567518564,-0.6688140975721962
1.0,0.0,-0.14537946304159705,0.01584413367343528,-0.854620536958403,-0.01584413367343528
1.0,0.0,-0.20703886160450113,0.27024144643186143,-0.7929611383954989,-0.27024144643186143
1.0,0.0,-0.04760416857432153,0.20011772475765902,-0.9523958314256785,-0.20011772475765902
1.0,0.0,-0.03732898781118249,0.025385037732879562,-0.9626710121888176,-0.025385037732879562
1.0,0.0,-0.10349601875719605,0.0799341099262117,-0.896503981242804,-0.0799341099262117
1.0,0.0,-0.053406819987129726,0.8214089252202609,-0.9465931800128703,-0.8214089252202609
1.0,0.0,-0.21998168950970298,0.3759142859933575,-0.780018310490297,-0.3759142859933575
1.0,0.0,-0.47044575928729226,0.19280081548297823,-0.5295542407127077,-0.19280081548297823
1.0,0.0,-0.061323154959544476,0.2881565518875546,-0.9386768450404556,-0.2881565518875546
1.0,0.0,-0.26680573628760607,0.4526965470768784,-0.7331942637123939,-0.4526965470768784
1.0,0.0,-0.08571186582265916,0.08393499841488292,-0.9142881341773408,-0.08393499841488292
1.0,0.0,-0.14718048062650968,0.02031330246843139,-0.8528195193734903,-0.02031330246843139
1.0,0.0,-0.032376571651320546,0.40804409595377483,-0.9676234283486794,-0.40804409595377483
1.0,0.0,-0.21673106289332233,0.35265247679472606,-0.7832689371066777,-0.35265247679472606
1.0,0.0,-0.2641665119118678,0.06393053728121885,-0.7358334880881322,-0.06393053728121885
1.0,0.0,-0.20843881064389824,0.23420746481546206,-0.7915611893561018,-0.23420746481546206
1.0,0.0,-0.4525743311514417,0.47902435375811137,-0.5474256688485584,-0.47902435375811137
1.0,0.0,-0.46187442905694076,0.6426161036449892,-0.5381255709430592,-0.6426161036449892
1.0,0.0,-0.1418512166905751,0.23938828331370451,-0.8581487833094249,-0.23938828331370451
1.0,0.0,-0.2677753817448931,0.456736815124045,-0.7322246182551069,-0.456736815124045
1.0,0.0,-0.23090125087396007,0.22473426873683583,-0.7690987491260399,-0.22473426873683583
1.0,0.0,-0.2863666391015779,0.26357991634807626,-0.7136333608984221,-0.26357991634807626
1.0,0.0,-0.323416439944147,0.05797702337882285,-0.676583560055853,-0.05797702337882285
1.0,0.0,-0.3311535011391787,0.8994100275148074,-0.6688464988608214,-0.8994100275148074
1.0,0.0,-0.20924298954909576,0.8942158108569651,-0.7907570104509043,-0.8942158108569651
1.0,0.0,-0.388031206846909,0.6982233779308679,-0.611968793153091,-0.6982233779308679
1.0,0.0,-0.13760038521245524,0.2947825634950953,-0.8623996147875448,-0.2947825634950953
1.0,0.0,-0.11554038036740495,0.47786517874334206,-0.884459619632595,-0.47786517874334206
1.0,0.0,-0.1695982586575221,0.2636831787447218,-0.8304017413424779,-0.2636831787447218
1.0,0.0,-0.10765841787057356,0.18470204506721488,-0.8923415821294265,-0.18470204506721488
1.0,0.0,-0.014939004981501658,0.8861674548991436,-0.9850609950184983,-0.8861674548991436
1.0,0.0,-0.15737382930668387,0.14563600970990095,-0.8426261706933161,-0.14563600970990095
1.0,0.0,-0.48338276905451605,0.8284982850186364,-0.516617230945484,-0.8284982850186364
1.0,0.0,-0.04782145064204687,0.22596955377248193,-0.9521785493579531,-0.22596955377248193
1.0,0.0,-0.045071102696943977,0.04584201153038505,-0.9549288973030561,-0.04584201153038505
1.0,0.0,-0.3753146189401521,0.5605228289077054,-0.6246853810598478,-0.5605228289077054
1.0,0.0,-0.2349319584334979,0.248415231104448,-0.7650680415665021,-0.248415231104448
1.0,0.0,-0.0982694692144866,0.13188051403560314,-0.9017305307855135,-0.13188051403560314
1.0,0.0,-0.027548768541819313,0.0065650110580805655,-0.9724512314581807,-0.0065650110580805655
1.0,0.0,-0.40655352551121043,0.21529655336177872,-0.5934464744887895,-0.21529655336177872
1.0,0.0,-0.07499162605669651,0.08459618519387035,-0.9250083739433035,-0.08459618519387035
1.0,0.0,-0.061605449507738885,0.022946301483315414,-0.9383945504922611,-0.022946301483315414
1.0,0.0,-0.1845509120845526,0.2561621291663215,-0.8154490879154475,-0.2561621291663215
1.0,0.0,-0.24829210745620334,0.046748754126762264,-0.7517078925437967,-0.046748754126762264
1.0,0.0,-0.43518155966807653,0.09307898660204157,-0.5648184403319234,-0.09307898660204157
1.0,0.0,-0.19515544237701127,0.08853920334230173,-0.8048445576229888,-0.08853920334230173
1.0,0.0,-0.10595553446902513,0.28499523184492753,-0.8940444655309748,-0.28499523184492753
1.0,0.0,-0.2875924149949564,0.2813976986044698,-0.7124075850050435,-0.2813976986044698
1.0,0.0,-0.1794982704021637,0.25291238737522503,-0.8205017295978363,-0.25291238737522503
1.0,0.0,-0.41778701542634805,0.2560845681735218,-0.5822129845736519,-0.2560845681735218
1.0,0.0,-0.12271982128256036,0.609218761013857,-0.8772801787174397,-0.609218761013857
1.0,0.0,-0.43710012383178404,0.28627499693526876,-0.562899876168216,-0.28627499693526876
1.0,0.0,-0.14602341587318618,0.2149262336708643,-0.8539765841268139,-0.2149262336708643
1.0,0.0,-0.15564006265380878,0.6263328968451563,-0.8443599373461912,-0.6263328968451563
1.0,0.0,-0.17716660916507426,0.07001167491311568,-0.8228333908349257,-0.07001167491311568
1.0,0.0,-0.3813023471528336,0.03974667966673091,-0.6186976528471664,-0.03974667966673091
1.0,0.0,-0.2675469175054917,0.29729853146096125,-0.7324530824945084,-0.29729853146096125
1.0,0.0,-0.13242047213276614,0.1248482600228369,-0.8675795278672338,-0.1248482600228369
1.0,0.0,-0.45345370898827597,0.07764612136403637,-0.546546291011724,-0.07764612136403637
1.0,0.0,-0.2943527633313496,0.47530676076776834,-0.7056472366686504,-0.47530676076776834
1.0,0.0,-0.017362326521198755,0.048341412215330934,-0.9826376734788013,-0.048341412215330934
1.0,0.0,-0.3082635874846052,0.5418532160137122,-0.6917364125153949,-0.5418532160137122
1.0,0.0,-0.43465424815011894,0.031581022958504325,-0.565345751849881,-0.031581022958504325
1.0,0.0,-0.44837024059165725,0.6139321966922472,-0.5516297594083428,-0.6139321966922472
1.0,0.0,-0.2400447945053018,0.037950846734667004,-0.7599552054946982,-0.037950846734667004
1.0,0.0,-0.10540841143033318,0.5203893785173619,-0.8945915885696668,-0.5203893785173619
1.0,0.0,-0.230649838798683,0.06744003579985543,-0.7693501612013169,-0.06744003579985543
1.0,0.0,-0.36397568879053144,0.44763044537375146,-0.6360243112094686,-0.44763044537375146
1.0,0.0,-0.023092062097692823,0.02440128884311629,-0.9769079379023071,-0.02440128884311629
1.0,0.0,-0.4441317971768709,0.5346070214452463,-0.5558682028231291,-0.5346070214452463
1.0,0.0,-0.12113117292848952,0.12342759763144737,-0.8788688270715105,-0.12342759763144737
1.0,0.0,-0.08608593643127818,0.8923689848842887,-0.9139140635687218,-0.8923689848842887
1.0,0.0,-0.12258615183236549,0.05296134614275081,-0.8774138481676346,-0.05296134614275081
1.0,0.0,-0.4693246964369283,0.12623250991973164,-0.5306753035630717,-0.12623250991973164
1.0,0.0,-0.37705571450042263,0.19291519726077452,-0.6229442854995774,-0.19291519726077452
1.0,0.0,-0.3090293778783733,0.12612798938794856,-0.6909706221216267,-0.12612798938794856
1.0,0.0,-0.27203935232264853,0.7401147524756764,-0.7279606476773515,-0.7401147524756764
1.0,0.0,-0.2773457994059952,0.5799298125250546,-0.7226542005940049,-0.5799298125250546
1.0,0.0,-0.022919448935562907,0.07599859464000035,-0.9770805510644371,-0.07599859464000035
1.0,0.0,-0.3091072585228435,0.4975274592352653,-0.6908927414771565,-0.4975274592352653
1.0,0.0,-0.05424256465926511,0.6491087054396099,-0.9457574353407349,-0.6491087054396099
1.0,0.0,-0.3311821456663918,0.19937901837913233,-0.6688178543336082,-0.19937901837913233
1.0,0.0,-0.41337418626013245,0.015285005023175547,-0.5866258137398676,-0.015285005023175547
1.0,0.0,-0.09636829907478006,0.14491643923296932,-0.9036317009252199,-0.14491643923296932
1.0,0.0,-0.2963902150075132,0.4380330065509528,-0.7036097849924867,-0.4380330065509528
1.0,0.0,-0.004398940593221157,0.0072210111006802465,-0.9956010594067788,-0.0072210111006802465
1.0,0.0,-0.44393334902332476,0.16469697734681074,-0.5560666509766752,-0.16469697734681074
1.0,0.0,-0.15765885801264676,0.6664316873450127,-0.8423411419873532,-0.6664316873450127
1.0,0.0,-0.06241775510988745,0.06837038000138793,-0.9375822448901125,-0.06837038000138793
1.0,0.0,-0.133451049782095,0.17706661537378404,-0.866548950217905,-0.17706661537378404
1.0,0.0,-0.2867673737575651,0.23731874766419775,-0.7132326262424349,-0.23731874766419775
1.0,0.0,-0.16906436423883597,0.2818803604648748,-0.830935635761164,-0.2818803604648748
1.0,0.0,-0.12510064267538845,0.09594729582841457,-0.8748993573246115,-0.09594729582841457
1.0,0.0,-0.02233785011166417,0.0005345900916531207,-0.9776621498883358,-0.0005345900916531207
1.0,0.0,-0.16110563847227105,0.981727000187822,-0.8388943615277289,-0.981727000187822
1.0,0.0,-0.0030439720603918042,0.03787589764465345,-0.9969560279396082,-0.03787589764465345
1.0,0.0,-0.18967161757323972,0.4414442882432908,-0.8103283824267603,-0.4414442882432908
1.0,0.0,-0.2805548301692704,0.08314800806277703,-0.7194451698307296,-0.08314800806277703
1.0,0.0,-0.11296711613054698,0.2093263626562941,-0.887032883869453,-0.2093263626562941
1.0,0.0,-0.16870643064553884,0.48206335704403136,-0.8312935693544612,-0.48206335704403136
1.0,0.0,-0.35405279893633684,0.17597710390549015,-0.6459472010636631,-0.17597710390549015
1.0,0.0,-0.2692579298173343,0.42069340467738625,-0.7307420701826657,-0.42069340467738625
1.0,0.0,-0.23712555641602556,0.28317269443261595,-0.7628744435839745,-0.28317269443261595
1.0,0.0,-0.4794602711520622,0.6905048441549261,-0.5205397288479379,-0.6905048441549261
1.0,0.0,-0.16955605436037746,0.03793248870274761,-0.8304439456396225,-0.03793248870274761
1.0,0.0,-0.361583352230988,0.618672545809475,-0.6384166477690121,-0.618672545809475
1.0,0.0,-0.14872086588675498,0.1311286974211775,-0.8512791341132451,-0.1311286974211775
1.0,0.0,-0.08216401082072622,0.11399538047032674,-0.9178359891792738,-0.11399538047032674
1.0,0.0,-0.010683125968196629,0.3298670585099456,-0.9893168740318034,-0.3298670585099456
1.0,0.0,-0.26662852800807846,0.3621862242167401,-0.7333714719919215,-0.3621862242167401
1.0,0.0,-0.3545508751315456,0.07794016491118924,-0.6454491248684544,-0.07794016491118924
1.0,0.0,-0.275166339800431,0.229070055075554,-0.7248336601995691,-0.229070055075554
1.0,0.0,-0.15595798413185685,0.38123811091165677,-0.8440420158681432,-0.38123811091165677
1.0,0.0,-0.13905229478782685,0.7602664302583974,-0.8609477052121731,-0.7602664302583974
1.0,0.0,-0.15912774234134436,0.0874984558494409,-0.8408722576586556,-0.0874984558494409
1.0,0.0,-0.25461844036875814,0.34701897903108075,-0.7453815596312419,-0.34701897903108075
1.0,0.0,-0.29023543673109864,0.08221595524915716,-0.7097645632689014,-0.08221595524915716
1.0,0.0,-0.2474271373551458,0.6314969598577145,-0.7525728626448542,-0.6314969598577145
1.0,0.0,-0.03207741152533539,0.8794295657346605,-0.9679225884746646,-0.8794295657346605
1.0,0.0,-0.2169414237105518,0.32707292627339124,-0.7830585762894482,-0.32707292627339124
1.0,0.0,-0.008838164020783967,0.010886001468552396,-0.991161835979216,-0.010886001468552396
1.0,0.0,-0.008154449047007961,0.011585745158667084,-0.991845550952992,-0.011585745158667084
1.0,0.0,-0.3268089070390761,0.4618430193360031,-0.6731910929609239,-0.4618430193360031
1.0,0.0,-0.30623451154415077,0.06870859930297259,-0.6937654884558493,-0.06870859930297259
1.0,0.0,-0.26755884294716714,0.1065103588317485,-0.7324411570528329,-0.1065103588317485
1.0,0.0,-0.043746715519762,0.04102535173619907,-0.956253284480238,-0.04102535173619907
1.0,0.0,-0.4794723670773209,0.8026684812395172,-0.5205276329226791,-0.8026684812395172
1.0,0.0,-0.4425663343086674,0.05551878549693252,-0.5574336656913326,-0.05551878549693252
1.0,0.0,-0.3211027560337048,0.554815873745077,-0.6788972439662952,-0.554815873745077
1.0,0.0,-0.3692267842130066,0.6487772978360703,-0.6307732157869934,-0.6487772978360703
1.0,0.0,-0.1511380947904004,0.3267575934604928,-0.8488619052095996,-0.3267575934604928
1.0,0.0,-0.07138850981397105,0.08787051876781249,-0.928611490186029,-0.08787051876781249
1.0,0.0,-0.23882349478535425,0.3562903942092885,-0.7611765052146457,-0.3562903942092885
1.0,0.0,-0.47134941462135904,0.2074937191664605,-0.528650585378641,-0.2074937191664605
1.0,0.0,-0.1059407976141753,0.11509228185797542,-0.8940592023858247,-0.11509228185797542
1.0,0.0,-0.08224732616139108,0.050705915735764745,-0.9177526738386089,-0.050705915735764745
1.0,0.0,-0.0819201910629235,0.8895615902802485,-0.9180798089370765,-0.8895615902802485
1.0,0.0,-0.20038124831056775,0.26094622099725717,-0.7996187516894322,-0.26094622099725717
1.0,0.0,-0.044803128332025516,0.2448051937131918,-0.9551968716679745,-0.2448051937131918
1.0,0.0,-0.003213913845099269,0.44646336234460443,-0.9967860861549007,-0.44646336234460443
1.0,0.0,-0.06536726067155918,0.16159819154857655,-0.9346327393284408,-0.16159819154857655
1.0,0.0,-0.03928446027542326,0.0512525882217558,-0.9607155397245768,-0.0512525882217558
1.0,0.0,-0.4565295338390426,0.5681434715679118,-0.5434704661609574,-0.5681434715679118
1.0,0.0,-0.23557571647762243,0.3656202249749662,-0.7644242835223776,-0.3656202249749662
1.0,0.0,-0.009403703501970881,0.09152683122451855,-0.9905962964980292,-0.09152683122451855
1.0,0.0,-0.07406469579755527,0.33992830184332645,-0.9259353042024447,-0.33992830184332645
1.0,0.0,-0.17477966029480635,0.3961380757476498,-0.8252203397051936,-0.3961380757476498
1.0,0.0,-0.14409332444307893,0.019517562100015127,-0.8559066755569211,-0.019517562100015127
1.0,0.0,-0.14204038795452806,0.11322158884913568,-0.857959612045472,-0.11322158884913568
1.0,0.0,-0.10076193318234757,0.4024635818706892,-0.8992380668176524,-0.4024635818706892
1.0,0.0,-0.15605127180374334,0.782031812628785,-0.8439487281962567,-0.782031812628785
1.0,0.0,-0.20485449816628998,0.5465866657143738,-0.79514550183371,-0.5465866657143738
1.0,0.0,-0.4837281454304477,0.5167730025434036,-0.5162718545695524,-0.5167730025434036
1.0,0.0,-0.3370025287246216,0.6932324539533904,-0.6629974712753783,-0.6932324539533904
1.0,0.0,-0.3541052988821155,0.25019547266012965,-0.6458947011178845,-0.25019547266012965
1.0,0.0,-0.015087864793911445,0.20317506824751605,-0.9849121352060886,-0.20317506824751605
1.0,0.0,-0.41886626668224836,0.09597737406208305,-0.5811337333177516,-0.09597737406208305
1.0,0.0,-0.1032298472473136,0.08494175565641804,-0.8967701527526863,-0.08494175565641804
1.0,0.0,-0.01838170114833361,0.07523021601305069,-0.9816182988516664,-0.07523021601305069
1.0,0.0,-0.08647475554698852,0.054230036375570174,-0.9135252444530115,-0.054230036375570174
1.0,0.0,-0.4990458063374776,0.47072103497444284,-0.5009541936625224,-0.47072103497444284
1.0,0.0,-0.3012308428332856,0.8852621326293703,-0.6987691571667144,-0.8852621326293703
1.0,0.0,-0.23851020869849376,0.329082015034538,-0.7614897913015062,-0.329082015034538
1.0,0.0,-0.00011064661575635304,0.24754815041743455,-0.9998893533842437,-0.24754815041743455
1.0,0.0,-0.4113991306912955,0.016587049857045358,-0.5886008693087045,-0.016587049857045358
1.0,0.0,-0.3605118325814105,0.34344865377904926,-0.6394881674185895,-0.34344865377904926
1.0,0.0,-0.21118012716360407,0.27228936545946,-0.788819872836396,-0.27228936545946
1.0,0.0,-0.19443827115829798,0.23110531807828696,-0.8055617288417021,-0.23110531807828696
1.0,0.0,-0.42367473522174687,0.6962253045947148,-0.5763252647782531,-0.6962253045947148
1.0,0.0,-0.4738482666180833,0.8167610587719674,-0.5261517333819167,-0.8167610587719674
1.0,0.0,-0.24113070132588027,0.36746249893928584,-0.7588692986741197,-0.36746249893928584
1.0,0.0,-0.35563763382173597,0.4453681083022104,-0.644362366178264,-0.4453681083022104
1.0,0.0,-0.27240022640341904,0.604096729090284,-0.7275997735965809,-0.604096729090284
1.0,0.0,-0.4356608879058171,0.49176902573461456,-0.564339112094183,-0.49176902573461456
1.0,0.0,-0.3575457086911579,0.5628700084969124,-0.642454291308842,-0.5628700084969124
1.0,0.0,-0.3890034064575919,0.5322666047126166,-0.6109965935424081,-0.5322666047126166
1.0,0.0,-0.49808870396099275,0.5689293975233272,-0.5019112960390073,-0.5689293975233272
1.0,0.0,-0.05912649029538475,0.0008891098797314743,-0.9408735097046153,-0.0008891098797314743
1.0,0.0,-0.3597914815143268,0.24485885922122963,-0.6402085184856732,-0.24485885922122963
1.0,0.0,-0.4660379358552075,0.2791779403774149,-0.5339620641447925,-0.2791779403774149
1.0,0.0,-0.4645550762351896,0.7490002035938608,-0.5354449237648105,-0.7490002035938608
1.0,0.0,-0.32694230406529756,0.01733899125710031,-0.6730576959347024,-0.01733899125710031
1.0,0.0,-0.1438934400684812,0.2319061089365972,-0.8561065599315187,-0.2319061089365972
1.0,0.0,-0.19254399523639365,0.4466950930594163,-0.8074560047636063,-0.4466950930594163
1.0,0.0,-0.05819024040682491,0.06946098607867937,-0.9418097595931751,-0.06946098607867937
1.0,0.0,-0.3461703154901124,0.18774475609956826,-0.6538296845098877,-0.18774475609956826
1.0,0.0,-0.07364143663442185,0.11944523351941969,-0.9263585633655782,-0.11944523351941969
1.0,0.0,-0.0749145533880024,0.08654894980745044,-0.9250854466119975,-0.08654894980745044
1.0,0.0,-0.03252993866643868,0.4470232559077215,-0.9674700613335613,-0.4470232559077215
1.0,0.0,-0.3986652779197269,0.7388791422137354,-0.6013347220802732,-0.7388791422137354
1.0,0.0,-0.35660144878653777,0.536970333295677,-0.6433985512134622,-0.536970333295677
1.0,0.0,-0.1254742091473574,0.20277940975934777,-0.8745257908526426,-0.20277940975934777
1.0,0.0,-0.0722993239127922,0.05861190848875888,-0.9277006760872077,-0.05861190848875888
1.0,0.0,-0.12975731000453478,0.06290835121660865,-0.8702426899954652,-0.06290835121660865
1.0,0.0,-0.21433790667114516,0.5507616926932125,-0.7856620933288548,-0.5507616926932125
1.0,0.0,-0.27501210048301183,0.6602849361811625,-0.7249878995169882,-0.6602849361811625
1.0,0.0,-0.06620155075528501,0.3416023246174396,-0.933798449244715,-0.3416023246174396
1.0,0.0,-0.02621237279109062,0.02864530117178758,-0.9737876272089094,-0.02864530117178758
1.0,0.0,-0.3341733038693286,0.0016294261581277928,-0.6658266961306714,-0.0016294261581277928
1.0,0.0,-0.3158563482496163,0.4338433247873586,-0.6841436517503837,-0.4338433247873586
1.0,0.0,-0.3668287920089217,0.18890334563182273,-0.6331712079910783,-0.18890334563182273
1.0,0.0,-0.03351507744878279,0.7695009783363801,-0.9664849225512172,-0.7695009783363801
1.0,0.0,-0.4240397045285698,0.694565743350166,-0.5759602954714302,-0.694565743350166
1.0,0.0,-0.4188285075570726,0.7009348868252593,-0.5811714924429274,-0.7009348868252593
1.0,0.0,-0.17480190595390732,0.024455933157786394,-0.8251980940460927,-0.024455933157786394
1.0,0.0,-0.1821102117417306,0.024054676112420386,-0.8178897882582694,-0.024054676112420386
1.0,0.0,-0.41665313687281696,0.7006583796719036,-0.583346863127183,-0.7006583796719036
1.0,0.0,-0.2175560458965089,0.13955402849109372,-0.7824439541034911,-0.13955402849109372
1.0,0.0,-0.18030661585041982,0.3505849974449439,-0.8196933841495802,-0.3505849974449439
1.0,0.0,-0.027709013277377313,0.21094699180915732,-0.9722909867226227,-0.21094699180915732
1.0,0.0,-0.4155115826584189,0.03200693521375267,-0.5844884173415811,-0.03200693521375267
1.0,0.0,-0.47279410499356744,0.3379010559407446,-0.5272058950064326,-0.3379010559407446
1.0,0.0,-0.4113779705137134,0.2203332329673459,-0.5886220294862866,-0.2203332329673459
1.0,0.0,-0.18473264861080896,0.020502871623539833,-0.815267351389191,-0.020502871623539833
1.0,0.0,-0.12817324373465858,0.502713602763483,-0.8718267562653415,-0.502713602763483
1.0,0.0,-0.4471234795888861,0.7659930816678993,-0.5528765204111139,-0.7659930816678993
1.0,0.0,-0.029473151380212673,0.09815455537966526,-0.9705268486197873,-0.09815455537966526
1.0,0.0,-0.06018392660993915,0.10319336422968055,-0.9398160733900609,-0.10319336422968055
1.0,0.0,-0.27573165208587325,0.3730075169998941,-0.7242683479141268,-0.3730075169998941
1.0,0.0,-0.2703018372600326,0.06064402073708213,-0.7296981627399675,-0.06064402073708213
1.0,0.0,-0.39581096677383343,0.5069933549226556,-0.6041890332261666,-0.5069933549226556
1.0,0.0,-0.1698261535852974,0.22740511390458001,-0.8301738464147026,-0.22740511390458001
1.0,0.0,-0.1507945484848658,0.1513089733159124,-0.8492054515151342,-0.1513089733159124
1.0,0.0,-0.14285355414583495,0.1245008636764321,-0.8571464458541651,-0.1245008636764321
1.0,0.0,-0.05894245351537817,0.28782345553719285,-0.9410575464846218,-0.28782345553719285
1.0,0.0,-0.4695684117173002,0.16892064661290604,-0.5304315882826998,-0.16892064661290604
1.0,0.0,-0.03440480731549981,0.5445955763326558,-0.9655951926845002,-0.5445955763326558
1.0,0.0,-0.1000383840328516,0.366551737555238,-0.8999616159671484,-0.366551737555238
1.0,0.0,-0.3555642818035699,0.7343190120266734,-0.6444357181964301,-0.7343190120266734
1.0,0.0,-0.07346458922122771,0.474290525053549,-0.9265354107787723,-0.474290525053549
1.0,0.0,-0.4012601066272389,0.6754307300977378,-0.5987398933727611,-0.6754307300977378
1.0,0.0,-0.3619585554066301,0.46133383005986556,-0.63804144459337,-0.46133383005986556
1.0,0.0,-0.08427588092552918,0.0415122872792236,-0.9157241190744708,-0.0415122872792236
1.0,0.0,-0.3661754056811701,0.41999273596128195,-0.6338245943188299,-0.41999273596128195
1.0,0.0,-0.0767815956465206,0.0026851656164960432,-0.9232184043534795,-0.0026851656164960432
1.0,0.0,-0.3078408852971648,0.19991937565353923,-0.6921591147028352,-0.19991937565353923
1.0,0.0,-0.138736264247692,0.5104631790436903,-0.861263735752308,-0.5104631790436903
1.0,0.0,-0.26506482876554993,0.43617859325253994,-0.7349351712344501,-0.43617859325253994
1.0,0.0,-0.018501092110766948,0.024321101530990506,-0.9814989078892331,-0.024321101530990506
1.0,0.0,-0.028027725232751377,0.017368754402235793,-0.9719722747672486,-0.017368754402235793
1.0,0.0,-0.22369371781170286,0.4960525723853024,-0.7763062821882971,-0.4960525723853024
1.0,0.0,-0.20743158800397363,0.6007559439117184,-0.7925684119960263,-0.6007559439117184
1.0,0.0,-0.03362090570220555,0.007206639802230623,-0.9663790942977944,-0.007206639802230623
1.0,0.0,-0.013857075113925319,0.2824701052506185,-0.9861429248860747,-0.2824701052506185
1.0,0.0,-0.27591539173403345,0.1331191869800737,-0.7240846082659665,-0.1331191869800737
1.0,0.0,-0.21647028841179805,0.7460888357152505,-0.783529711588202,-0.7460888357152505
1.0,0.0,-0.018193918666423718,0.3966984161060419,-0.9818060813335763,-0.3966984161060419
1.0,0.0,-0.2209249536154306,0.40889418057487326,-0.7790750463845694,-0.40889418057487326
1.0,0.0,-0.34680007667259966,0.38877481669312175,-0.6531999233274004,-0.38877481669312175
1.0,0.0,-0.2489953215347563,0.35147433457315586,-0.7510046784652438,-0.35147433457315586
1.0,0.0,-0.47687140523234034,0.25644507136258526,-0.5231285947676596,-0.25644507136258526
1.0,0.0,-0.2073733046687135,0.15870190630160302,-0.7926266953312865,-0.15870190630160302
1.0,0.0,-0.08566714186657787,0.009796793386519023,-0.9143328581334221,-0.009796793386519023
1.0,0.0,-0.12209020742189308,0.1292823802893247,-0.877909792578107,-0.1292823802893247
1.0,0.0,-0.46127934273067855,0.12345036656633626,-0.5387206572693215,-0.12345036656633626
1.0,0.0,-0.4842122688394253,0.21126555430835955,-0.5157877311605747,-0.21126555430835955
1.0,0.0,-0.21380723321798756,0.21597206136702443,-0.7861927667820124,-0.21597206136702443
1.0,0.0,-0.05371795168366872,0.47295128584139884,-0.9462820483163312,-0.47295128584139884
1.0,0.0,-0.09940718529853321,0.15635074288537595,-0.9005928147014668,-0.15635074288537595
1.0,0.0,-0.27242364493183363,0.12864141083836528,-0.7275763550681664,-0.12864141083836528
1.0,0.0,-0.32361572500843644,0.5062768860273361,-0.6763842749915636,-0.5062768860273361
1.0,0.0,-0.00909580918311894,0.45235033597931634,-0.9909041908168811,-0.45235033597931634
1.0,0.0,-0.43398181583157536,0.7651564008973608,-0.5660181841684246,-0.7651564008973608
1.0,0.0,-0.0692377241380642,0.36056963002871173,-0.9307622758619358,-0.36056963002871173
1.0,0.0,-0.017094563994117185,0.02629236391240356,-0.9829054360058829,-0.02629236391240356
1.0,0.0,-0.3986745662335658,0.5249674305900761,-0.6013254337664342,-0.5249674305900761
1.0,0.0,-0.10341909817273742,0.045153326466770644,-0.8965809018272626,-0.045153326466770644
1.0,0.0,-0.003581840452615158,0.10120750514852617,-0.9964181595473849,-0.10120750514852617
1.0,0.0,-0.33803837935423703,0.24301912551020682,-0.661961620645763,-0.24301912551020682
1.0,0.0,-0.36889817946842607,0.47359093490736937,-0.6311018205315739,-0.47359093490736937
1.0,0.0,-0.34943182379203236,0.47058758027536945,-0.6505681762079676,-0.47058758027536945
1.0,0.0,-0.15698427907977452,0.2031349203540194,-0.8430157209202255,-0.2031349203540194
1.0,0.0,-0.48439248640836874,0.6685578785664311,-0.5156075135916313,-0.6685578785664311
1.0,0.0,-0.19678297137329398,0.16826005917105866,-0.803217028626706,-0.16826005917105866
1.0,0.0,-0.04007599740770976,0.1060534622018383,-0.9599240025922903,-0.1060534622018383
1.0,0.0,-0.11924786098526954,0.9279806009946411,-0.8807521390147305,-0.9279806009946411
1.0,0.0,-0.0446796237516035,0.06834660246105168,-0.9553203762483965,-0.06834660246105168
1.0,0.0,-0.03759986744822854,0.07244955505476167,-0.9624001325517715,-0.07244955505476167
1.0,0.0,-0.25091545828126754,0.043351774376243095,-0.7490845417187324,-0.043351774376243095
1.0,0.0,-0.2472265677912388,0.06547614671941439,-0.7527734322087611,-0.06547614671941439
1.0,0.0,-0.39653981571805164,0.16002235856229668,-0.6034601842819484,-0.16002235856229668
1.0,0.0,-0.09925464323512571,0.4920974399294624,-0.9007453567648743,-0.4920974399294624
1.0,0.0,-0.008811625088907874,0.3017488795458806,-0.9911883749110921,-0.3017488795458806
1.0,0.0,-0.40923348071645643,0.44183912268674413,-0.5907665192835436,-0.44183912268674413
1.0,0.0,-0.38838317433768194,0.657410969071055,-0.611616825662318,-0.657410969071055
1.0,0.0,-0.13116495655128296,0.0845598478280648,-0.8688350434487171,-0.0845598478280648
1.0,0.0,-0.036092992111045046,0.8170709129854244,-0.963907007888955,-0.8170709129854244
1.0,0.0,-0.26789344555197936,0.33384693283986194,-0.7321065544480206,-0.33384693283986194
1.0,0.0,-0.16600912338043144,0.15874131115834808,-0.8339908766195685,-0.15874131115834808
1.0,0.0,-0.45520591188890236,0.26465398053133543,-0.5447940881110976,-0.26465398053133543
1.0,0.0,-0.11653640108369206,0.07591925718902963,-0.883463598916308,-0.07591925718902963
1.0,0.0,-0.10222809653986359,0.38588524948331726,-0.8977719034601364,-0.38588524948331726
1.0,0.0,-0.38933433143662505,0.3825982126554647,-0.6106656685633749,-0.3825982126554647
1.0,0.0,-0.3361264135607394,0.413541724897935,-0.6638735864392606,-0.413541724897935
1.0,0.0,-0.20539532158491614,0.14205621636486276,-0.7946046784150839,-0.14205621636486276
1.0,0.0,-0.28827348594488317,0.4567476594166883,-0.7117265140551168,-0.4567476594166883
1.0,0.0,-0.48076997404413135,0.7127226462500011,-0.5192300259558686,-0.7127226462500011
1.0,0.0,-0.26279036891939767,0.14422092739665313,-0.7372096310806023,-0.14422092739665313
1.0,0.0,-0.21061239145335053,0.10796562588384656,-0.7893876085466495,-0.10796562588384656
1.0,0.0,-0.3394490442082405,0.8089358133748629,-0.6605509557917595,-0.8089358133748629
1.0,0.0,-0.22274929750062933,0.36525598253190117,-0.7772507024993707,-0.36525598253190117
1.0,0.0,-0.26281627018616616,0.02429195120071126,-0.7371837298138338,-0.02429195120071126
1.0,0.0,-0.4872881053421116,0.7426905493438378,-0.5127118946578884,-0.7426905493438378
1.0,0.0,-0.05284971692721603,0.9958375929198705,-0.9471502830727839,-0.9958375929198705
1.0,0.0,-0.10703626940810751,0.07385249181591551,-0.8929637305918925,-0.07385249181591551
1.0,0.0,-0.3560793514093765,0.16647040120221895,-0.6439206485906235,-0.16647040120221895
1.0,0.0,-0.16955468139159513,0.08054787652666401,-0.8304453186084049,-0.08054787652666401
1.0,0.0,-0.03762456665160924,0.036246192966594974,-0.9623754333483907,-0.036246192966594974
1.0,0.0,-0.24272315166060188,0.11823232974206468,-0.7572768483393981,-0.11823232974206468
1.0,0.0,-0.08293756091849874,0.09860809356843668,-0.9170624390815012,-0.09860809356843668
1.0,0.0,-0.35776611822952403,0.0791747845966397,-0.642233881770476,-0.0791747845966397
1.0,0.0,-0.13246253634602162,0.21409585494439987,-0.8675374636539783,-0.21409585494439987
1.0,0.0,-0.13960272463760404,0.07028821419517133,-0.860397275362396,-0.07028821419517133
1.0,0.0,-0.05243891532577727,0.07649950792893619,-0.9475610846742227,-0.07649950792893619
1.0,0.0,-0.05103683595538018,0.31340328424828984,-0.9489631640446198,-0.31340328424828984
1.0,0.0,-0.06936621117099806,0.017593577699709956,-0.9306337888290019,-0.017593577699709956
1.0,0.0,-0.4236282280123303,0.5575760288598195,-0.5763717719876698,-0.5575760288598195
1.0,0.0,-0.07035151610491619,0.03345877414097623,-0.9296484838950838,-0.03345877414097623
1.0,0.0,-0.10115339793259395,0.42882940198736974,-0.8988466020674061,-0.42882940198736974
1.0,0.0,-0.35899293296178714,0.3507414595678199,-0.6410070670382129,-0.3507414595678199
1.0,0.0,-0.2786419534885645,0.4539266322518832,-0.7213580465114355,-0.4539266322518832
1.0,0.0,-0.4221586144240919,0.7302203962183461,-0.5778413855759081,-0.7302203962183461
1.0,0.0,-0.3844617840818505,0.4055221644547703,-0.6155382159181495,-0.4055221644547703
1.0,0.0,-0.2622457035412051,0.06868836692078692,-0.7377542964587949,-0.06868836692078692
1.0,0.0,-0.15439104545172172,0.18277556328005787,-0.8456089545482783,-0.18277556328005787
1.0,0.0,-0.017118838985232407,0.9304458315219362,-0.9828811610147676,-0.9304458315219362
1.0,0.0,-0.034776564746708094,0.04343217296837449,-0.9652234352532919,-0.04343217296837449
1.0,0.0,-0.25868810536651465,0.3768542704332355,-0.7413118946334853,-0.3768542704332355
1.0,0.0,-0.006235816474666159,0.7865656905511036,-0.9937641835253338,-0.7865656905511036
1.0,0.0,-0.23326267696687147,0.0027630385576364594,-0.7667373230331285,-0.0027630385576364594
1.0,0.0,-0.1535493832402684,0.23804756528954044,-0.8464506167597317,-0.23804756528954044
1.0,0.0,-0.15692399824862685,0.15523248356973798,-0.8430760017513732,-0.15523248356973798
1.0,0.0,-0.14680649328433126,0.06742631826270315,-0.8531935067156687,-0.06742631826270315
1.0,0.0,-0.11878922199467778,0.14341454122581743,-0.8812107780053222,-0.14341454122581743
1.0,0.0,-0.026378276725120886,0.005477475049882154,-0.9736217232748792,-0.005477475049882154
1.0,0.0,-0.23985295825868808,0.5823383382169384,-0.7601470417413119,-0.5823383382169384
1.0,0.0,-0.14221116153407826,0.02250428175774799,-0.8577888384659218,-0.02250428175774799
1.0,0.0,-0.1624544603445515,0.42466697461250436,-0.8375455396554485,-0.42466697461250436
1.0,0.0,-0.16622891572201753,0.23984854701442426,-0.8337710842779824,-0.23984854701442426
1.0,0.0,-0.2826941282698548,0.2946510488384002,-0.7173058717301453,-0.2946510488384002
1.0,0.0,-0.03957339115149535,0.37361440465158596,-0.9604266088485046,-0.37361440465158596
1.0,0.0,-0.1315763527808277,0.21766678315401217,-0.8684236472191723,-0.21766678315401217
1.0,0.0,-0.03808059924799998,0.08337867436665312,-0.961919400752,-0.08337867436665312
1.0,0.0,-0.06243559176227287,0.09710120947937981,-0.9375644082377271,-0.09710120947937981
1.0,0.0,-0.2358733580776431,0.2756634864961429,-0.7641266419223569,-0.2756634864961429
1.0,0.0,-0.12313387001430241,0.7264076309013815,-0.8768661299856976,-0.7264076309013815
1.0,0.0,-0.14241442042667551,0.14717692542546496,-0.8575855795733245,-0.14717692542546496
1.0,0.0,-0.12844229460968964,0.19647056725317555,-0.8715577053903103,-0.19647056725317555
1.0,0.0,-0.1639974993447215,0.301283773762337,-0.8360025006552785,-0.301283773762337
1.0,0.0,-0.04158552789821052,0.06345105236959482,-0.9584144721017895,-0.06345105236959482
1.0,0.0,-0.36576114856079234,0.09733310972670343,-0.6342388514392077,-0.09733310972670343
1.0,0.0,-0.471076307878497,0.5132333526020438,-0.528923692121503,-0.5132333526020438
1.0,0.0,-0.43648928001788856,0.8904947135413529,-0.5635107199821114,-0.8904947135413529
1.0,0.0,-0.012589070654860004,0.09103494911020399,-0.98741092934514,-0.09103494911020399
1.0,0.0,-0.12209178950801708,0.5103160422874544,-0.8779082104919829,-0.5103160422874544
1.0,0.0,-0.10267334547316709,0.33569290212084496,-0.8973266545268329,-0.33569290212084496
1.0,0.0,-0.211018601858309,0.13735403422948073,-0.788981398141691,-0.13735403422948073
1.0,0.0,-0.023381923359704373,0.09240467207917964,-0.9766180766402957,-0.09240467207917964
1.0,0.0,-0.18968981623547587,0.23332362481970204,-0.8103101837645241,-0.23332362481970204
1.0,0.0,-0.43111744754317816,0.30603382355406566,-0.5688825524568218,-0.30603382355406566
1.0,0.0,-0.1451021548239076,0.2144672512675845,-0.8548978451760925,-0.2144672512675845
1.0,0.0,-0.4435474516435787,0.6380404378462649,-0.5564525483564213,-0.6380404378462649
1.0,0.0,-0.024630515895637403,0.10874306033634842,-0.9753694841043626,-0.10874306033634842
1.0,0.0,-0.07044723279474992,0.38519604675408053,-0.92955276720525,-0.38519604675408053
1.0,0.0,-0.016664989373689976,0.06262159942809092,-0.98333501062631,-0.06262159942809092
1.0,0.0,-0.02882496147129182,0.02940001429434447,-0.9711750385287081,-0.02940001429434447
1.0,0.0,-0.0027296414411816516,0.00425703309559863,-0.9972703585588183,-0.00425703309559863
1.0,0.0,-0.21129401607445614,0.35741090239820744,-0.7887059839255439,-0.35741090239820744
1.0,0.0,-0.08628946503667477,0.2557204831882894,-0.9137105349633252,-0.2557204831882894
1.0,0.0,-0.004420888403950232,0.026552273114433273,-0.9955791115960497,-0.026552273114433273
1.0,0.0,-0.23360399538292292,0.2735392988597132,-0.766396004617077,-0.2735392988597132
1.0,0.0,-0.0062903924432912706,0.0035850351534800168,-0.9937096075567087,-0.0035850351534800168
1.0,0.0,-0.0009669040989081673,0.008743251255446716,-0.9990330959010918,-0.008743251255446716
1.0,0.0,-0.2728291465851957,0.4468298116639606,-0.7271708534148043,-0.4468298116639606
1.0,0.0,-0.22078504303269159,0.35096846633839307,-0.7792149569673084,-0.35096846633839307
1.0,0.0,-0.15999969571121206,0.3942354232838969,-0.8400003042887879,-0.3942354232838969
1.0,0.0,-0.11419812188033485,0.1760103490696903,-0.8858018781196652,-0.1760103490696903
1.0,0.0,-0.37322921539910847,0.3707785166957549,-0.6267707846008915,-0.3707785166957549
1.0,0.0,-0.019198856850160595,0.018887745366382082,-0.9808011431498393,-0.018887745366382082
1.0,0.0,-0.014439103955251891,0.14810101326889027,-0.9855608960447481,-0.14810101326889027
1.0,0.0,-0.25058356901516826,0.9659762342292592,-0.7494164309848317,-0.9659762342292592
1.0,0.0,-0.1689689232714131,0.041663222907598045,-0.8310310767285869,-0.041663222907598045
1.0,0.0,-0.43385737276260533,0.2734119417228972,-0.5661426272373946,-0.2734119417228972
1.0,0.0,-0.40289103176216845,0.381088307639068,-0.5971089682378315,-0.381088307639068
1.0,0.0,-0.2943217939882884,0.058470633975990796,-0.7056782060117116,-0.058470633975990796
1.0,0.0,-0.20071199819853042,0.25612158153566755,-0.7992880018014696,-0.25612158153566755
1.0,0.0,-0.37775137444281237,0.262126420044283,-0.6222486255571876,-0.262126420044283
1.0,0.0,-0.053036049896728686,0.3342397467742759,-0.9469639501032713,-0.3342397467742759
1.0,0.0,-0.402836034241721,0.47075366866366636,-0.597163965758279,-0.47075366866366636
1.0,0.0,-0.4023625092090777,0.19022639277144693,-0.5976374907909223,-0.19022639277144693
1.0,0.0,-0.36951495353676783,0.12249510480379883,-0.6304850464632321,-0.12249510480379883
1.0,0.0,-0.09063484082280626,0.04163228324867335,-0.9093651591771937,-0.04163228324867335
1.0,0.0,-0.1601507229670463,0.22256676947375828,-0.8398492770329538,-0.22256676947375828
1.0,0.0,-0.12177319226696591,0.4503836543217166,-0.8782268077330341,-0.4503836543217166
1.0,0.0,-0.4580000187738133,0.365108433651733,-0.5419999812261866,-0.365108433651733
1.0,0.0,-0.055039889247473994,0.05128362478848817,-0.9449601107525261,-0.05128362478848817
1.0,0.0,-0.029895589291581204,0.04262180113730992,-0.9701044107084188,-0.04262180113730992
1.0,0.0,-0.35066954619251195,0.5553955447314105,-0.649330453807488,-0.5553955447314105
1.0,0.0,-0.0931418031483463,0.0032358830451929953,-0.9068581968516537,-0.0032358830451929953
1.0,0.0,-0.03855263558671723,0.04895675301156918,-0.9614473644132828,-0.04895675301156918
1.0,0.0,-0.1328038698067502,0.4052805616780078,-0.8671961301932498,-0.4052805616780078
1.0,0.0,-0.3737945859257426,0.6586055363775586,-0.6262054140742574,-0.6586055363775586
1.0,0.0,-0.02014104324735077,0.2755523536401088,-0.9798589567526492,-0.2755523536401088
1.0,0.0,-0.035561011712172456,0.12910471805819865,-0.9644389882878276,-0.12910471805819865
1.0,0.0,-0.3583836442362583,0.040689384363086424,-0.6416163557637418,-0.040689384363086424
1.0,0.0,-0.032704486669124865,0.07498834700655532,-0.9672955133308752,-0.07498834700655532
1.0,0.0,-0.017482242899714038,0.0795452154369822,-0.982517757100286,-0.0795452154369822
1.0,0.0,-0.1781144038212477,0.5429662610229948,-0.8218855961787523,-0.5429662610229948
1.0,0.0,-0.32087650558271424,0.22689117455055985,-0.6791234944172857,-0.22689117455055985
1.0,0.0,-0.1956250431308482,0.5775540778624928,-0.8043749568691518,-0.5775540778624928
1.0,0.0,-0.27070471730174106,0.4159037684990179,-0.7292952826982589,-0.4159037684990179
1.0,0.0,-0.2772990102322116,0.26518193613637814,-0.7227009897677884,-0.26518193613637814
1.0,0.0,-0.03627278360223446,0.059695477857739716,-0.9637272163977655,-0.059695477857739716
1.0,0.0,-0.13107080845574032,0.8052292573297519,-0.8689291915442596,-0.8052292573297519
1.0,0.0,-0.07921589900333942,0.6915148112471468,-0.9207841009966606,-0.6915148112471468
1.0,0.0,-0.12937345049613885,0.9148267532643862,-0.8706265495038612,-0.9148267532643862
1.0,0.0,-0.2755539786343203,0.38865324732043394,-0.7244460213656797,-0.38865324732043394
1.0,0.0,-0.409271005294584,0.6868152145261609,-0.590728994705416,-0.6868152145261609
1.0,0.0,-0.45843207409932757,0.5911491667417192,-0.5415679259006725,-0.5911491667417192
1.0,0.0,-0.49157612237220244,0.47855244221540677,-0.5084238776277976,-0.47855244221540677
1.0,0.0,-0.11800124608166362,0.39841294307070535,-0.8819987539183364,-0.39841294307070535
1.0,0.0,-0.08529822760582019,0.1587481832449881,-0.9147017723941798,-0.1587481832449881
1.0,0.0,-0.26155902107913137,0.2687941019522415,-0.7384409789208686,-0.2687941019522415
1.0,0.0,-0.12938804670355508,0.0020679582803213616,-0.8706119532964449,-0.0020679582803213616
1.0,0.0,-0.24166080329118422,0.3966441557705569,-0.7583391967088158,-0.3966441557705569
1.0,0.0,-0.06087654515704411,0.12530244549277364,-0.9391234548429559,-0.12530244549277364
1.0,0.0,-0.05436617155308804,0.08457023308338649,-0.9456338284469119,-0.08457023308338649
1.0,0.0,-0.278352085227266,0.8087229632693222,-0.7216479147727339,-0.8087229632693222
1.0,0.0,-0.09247501063844427,0.13111660487132834,-0.9075249893615558,-0.13111660487132834
1.0,0.0,-0.0206763370386271,0.49361328157556816,-0.9793236629613729,-0.49361328157556816
1.0,0.0,-0.298379295038089,0.17674685231783885,-0.701620704961911,-0.17674685231783885
1.0,0.0,-0.0738276853352921,0.13105480447058146,-0.9261723146647078,-0.13105480447058146
1.0,0.0,-0.19406759466294776,0.15824819603260457,-0.8059324053370522,-0.15824819603260457
1.0,0.0,-0.047993214724607755,0.3646197166462657,-0.9520067852753923,-0.3646197166462657
1.0,0.0,-0.25913630491076084,0.41105013570462234,-0.7408636950892391,-0.41105013570462234
1.0,0.0,-0.1312635706304132,0.5375380139226988,-0.8687364293695868,-0.5375380139226988
1.0,0.0,-0.23015423375330335,0.058181410444031134,-0.7698457662466967,-0.058181410444031134
1.0,0.0,-0.2954870209369299,0.4260874286468509,-0.7045129790630701,-0.4260874286468509
1.0,0.0,-0.14568840660447763,0.03527968049187055,-0.8543115933955223,-0.03527968049187055
1.0,0.0,-0.0170815168068169,0.04655983770309803,-0.9829184831931831,-0.04655983770309803
1.0,0.0,-0.17077103477397856,0.4813825134054052,-0.8292289652260214,-0.4813825134054052
1.0,0.0,-0.009654491483422087,0.513606054219925,-0.9903455085165779,-0.513606054219925
1.0,0.0,-0.3816586385180714,0.5070826528531583,-0.6183413614819286,-0.5070826528531583
1.0,0.0,-0.13267717535038848,0.8176715613572965,-0.8673228246496115,-0.8176715613572965
1.0,0.0,-0.06631055778093131,0.31481709637711375,-0.9336894422190687,-0.31481709637711375
1.0,0.0,-0.2710251707510846,0.15783232269573672,-0.7289748292489153,-0.15783232269573672
1.0,0.0,-0.19905696542244267,0.011594342262639615,-0.8009430345775573,-0.011594342262639615
1.0,0.0,-0.16267218016664398,0.23046990184537694,-0.837327819833356,-0.23046990184537694
1.0,0.0,-0.13233054614785672,0.3896071688942254,-0.8676694538521432,-0.3896071688942254
1.0,0.0,-0.2293734308719082,0.031194488184602517,-0.7706265691280918,-0.031194488184602517
1.0,0.0,-0.24351327121570007,0.8017908989144356,-0.7564867287842999,-0.8017908989144356
1.0,0.0,-0.03039270171500763,0.040594163466594016,-0.9696072982849924,-0.040594163466594016
1.0,0.0,-0.3751965120419835,0.011378079535834225,-0.6248034879580164,-0.011378079535834225
1.0,0.0,-0.15752356454577116,0.27255786696433065,-0.8424764354542289,-0.27255786696433065
1.0,0.0,-0.033837607696472816,0.057652085952807186,-0.9661623923035272,-0.057652085952807186
1.0,0.0,-0.08506146158325631,0.27271137361523123,-0.9149385384167437,-0.27271137361523123
1.0,0.0,-0.00797905903425947,0.34708695715682963,-0.9920209409657406,-0.34708695715682963
1.0,0.0,-0.20420909673705917,0.12893014182464993,-0.7957909032629409,-0.12893014182464993
1.0,0.0,-0.020973022491437076,0.43913515813901743,-0.9790269775085629,-0.43913515813901743
1.0,0.0,-0.3501255941045461,0.15858780214842058,-0.649874405895454,-0.15858780214842058
1.0,0.0,-0.06838268271149492,0.5281828356075856,-0.931617317288505,-0.5281828356075856
1.0,0.0,-0.3676318053874122,0.3667750298999448,-0.6323681946125879,-0.3667750298999448
1.0,0.0,-0.29751386383119505,0.48669030434378036,-0.702486136168805,-0.48669030434378036
1.0,0.0,-0.10934406735678198,0.1880737890540871,-0.890655932643218,-0.1880737890540871
1.0,0.0,-0.1008212985338347,0.019990427360288443,-0.8991787014661653,-0.019990427360288443
1.0,0.0,-0.4111612963746662,0.20843489972820334,-0.5888387036253337,-0.20843489972820334
1.0,0.0,-0.15647754320916993,0.5133740265249712,-0.84352245679083,-0.5133740265249712
1.0,0.0,-0.01350336691747205,0.061289196595601045,-0.986496633082528,-0.061289196595601045
1.0,0.0,-0.2027321835139152,0.11660341559051228,-0.7972678164860848,-0.11660341559051228
1.0,0.0,-0.08942528391726962,0.045251863397908314,-0.9105747160827304,-0.045251863397908314
1.0,0.0,-0.06490148613917401,0.024467253226063603,-0.935098513860826,-0.024467253226063603
1.0,0.0,-0.23831378091943095,0.2795248657146377,-0.7616862190805691,-0.2795248657146377
1.0,0.0,-0.06731327715304142,0.31783107078172845,-0.9326867228469586,-0.31783107078172845
1.0,0.0,-0.45228050210737764,0.6328984102781009,-0.5477194978926223,-0.6328984102781009
1.0,0.0,-0.184723190835702,0.18771011834301468,-0.815276809164298,-0.18771011834301468
1.0,0.0,-0.12561862290320797,0.193720657221783,-0.8743813770967921,-0.193720657221783
1.0,0.0,-7.391673849989772e-05,0.10876622811270129,-0.9999260832615001,-0.10876622811270129
1.0,0.0,-0.24167175442506883,0.0009136401748555028,-0.7583282455749312,-0.0009136401748555028
1.0,0.0,-0.3543327683219069,0.30323573648530855,-0.6456672316780931,-0.30323573648530855
1.0,0.0,-0.17882591887313393,0.19541305823805782,-0.8211740811268661,-0.19541305823805782
1.0,0.0,-0.11665028638254321,0.10441665340588009,-0.8833497136174568,-0.10441665340588009
1.0,0.0,-0.12607977576994223,0.014469198878144384,-0.8739202242300578,-0.014469198878144384
1.0,0.0,-0.34145278617312036,0.09804867887447721,-0.6585472138268796,-0.09804867887447721
1.0,0.0,-0.2992718480902822,0.61695146129137,-0.7007281519097178,-0.61695146129137
1.0,0.0,-0.12489015909639242,0.38114046380324795,-0.8751098409036075,-0.38114046380324795
1.0,0.0,-0.3303857259989236,0.6152942043669415,-0.6696142740010764,-0.6152942043669415
1.0,0.0,-0.09961148521852659,0.1376934441406364,-0.9003885147814734,-0.1376934441406364
1.0,0.0,-0.1278477084181649,0.16470360783180749,-0.8721522915818352,-0.16470360783180749
1.0,0.0,-0.06506176224756638,0.09823969950233769,-0.9349382377524336,-0.09823969950233769
1.0,0.0,-0.4861927948082224,0.3519704581469522,-0.5138072051917776,-0.3519704581469522
1.0,0.0,-0.4307075142554924,0.10977481905844066,-0.5692924857445076,-0.10977481905844066
1.0,0.0,-0.11676025034146396,0.8529130347643934,-0.883239749658536,-0.8529130347643934
1.0,0.0,-0.16252046216332977,0.13646226117190163,-0.8374795378366702,-0.13646226117190163
1.0,0.0,-0.009100677813986375,0.24702441425476318,-0.9908993221860136,-0.24702441425476318
1.0,0.0,-0.13786902000223883,0.181840334903906,-0.8621309799977612,-0.181840334903906
1.0,0.0,-0.20370769311179937,0.3402163188382136,-0.7962923068882006,-0.3402163188382136
1.0,0.0,-0.11398534348129957,0.07967753216023682,-0.8860146565187004,-0.07967753216023682
1.0,0.0,-0.2521783608069968,0.3981338244183326,-0.7478216391930033,-0.3981338244183326
1.0,0.0,-0.023255638847487676,0.12250404237307753,-0.9767443611525123,-0.12250404237307753
1.0,0.0,-0.05661296388108661,0.08121485456945608,-0.9433870361189134,-0.08121485456945608
1.0,0.0,-0.38383008261891377,0.06399763878421874,-0.6161699173810862,-0.06399763878421874
1.0,0.0,-0.13117796394671893,0.15212124594691318,-0.868822036053281,-0.15212124594691318
1.0,0.0,-0.020049798091966078,0.4481494761850847,-0.979950201908034,-0.4481494761850847
1.0,0.0,-0.2435274639426705,0.25833124488397974,-0.7564725360573294,-0.25833124488397974
1.0,0.0,-0.15126456341656153,0.20241580852841065,-0.8487354365834385,-0.20241580852841065
1.0,0.0,-0.36175615966076796,0.9018609570254906,-0.6382438403392321,-0.9018609570254906
1.0,0.0,-0.3613624842905125,0.10805131352546535,-0.6386375157094875,-0.10805131352546535
1.0,0.0,-0.013125696338130745,0.7765691548919401,-0.9868743036618692,-0.7765691548919401
1.0,0.0,-0.31908958175437796,0.6101439433385417,-0.680910418245622,-0.6101439433385417
1.0,0.0,-0.05735400907552477,0.15386587267798624,-0.9426459909244752,-0.15386587267798624
1.0,0.0,-0.4828288886475123,0.4856899818891547,-0.5171711113524877,-0.4856899818891547
1.0,0.0,-0.18013915386991342,0.15883912174340498,-0.8198608461300866,-0.15883912174340498
1.0,0.0,-0.2808290699676495,0.38487959224822554,-0.7191709300323506,-0.38487959224822554
1.0,0.0,-0.2773623859412682,0.2268144316970552,-0.7226376140587318,-0.2268144316970552
1.0,0.0,-0.24911460594188856,0.28836655120561794,-0.7508853940581115,-0.28836655120561794
1.0,0.0,-0.2862847069293335,0.37283948163009606,-0.7137152930706665,-0.37283948163009606
1.0,0.0,-0.35348700302267577,0.52266484255032,-0.6465129969773242,-0.52266484255032
1.0,0.0,-0.15263650098009426,0.349708563269365,-0.8473634990199057,-0.349708563269365
1.0,0.0,-0.21412857327910073,0.20178429378923957,-0.7858714267208993,-0.20178429378923957
1.0,0.0,-0.05724537315425032,0.4026627872150679,-0.9427546268457496,-0.4026627872150679
1.0,0.0,-0.08734760169220551,0.5640898436142794,-0.9126523983077945,-0.5640898436142794
1.0,0.0,-0.08232553500761428,0.7613454164824014,-0.9176744649923857,-0.7613454164824014
1.0,0.0,-0.10219427187381286,0.134171500212901,-0.8978057281261871,-0.134171500212901
1.0,0.0,-0.22441987036857272,0.8516135070007461,-0.7755801296314273,-0.8516135070007461
1.0,0.0,-0.15746608237591714,0.18728516975759404,-0.8425339176240829,-0.18728516975759404
1.0,0.0,-0.04998630349509192,0.07433507021248377,-0.9500136965049081,-0.07433507021248377
1.0,0.0,-0.06947075341226833,0.11821179879689685,-0.9305292465877317,-0.11821179879689685
1.0,0.0,-0.3641933172447791,0.23030236001452767,-0.6358066827552209,-0.23030236001452767
1.0,0.0,-0.48656303243855786,0.057853145329888236,-0.5134369675614421,-0.057853145329888236
1.0,0.0,-0.4142271819647895,0.2573923355578212,-0.5857728180352104,-0.2573923355578212
1.0,0.0,-0.06063814752753949,0.7346030398303757,-0.9393618524724605,-0.7346030398303757
1.0,0.0,-0.005965605004931596,0.004410318799087212,-0.9940343949950684,-0.004410318799087212
1.0,0.0,-0.015594353535747396,0.011248633891809636,-0.9844056464642525,-0.011248633891809636
1.0,0.0,-0.216774663526907,0.3322236807357921,-0.783225336473093,-0.3322236807357921
1.0,0.0,-0.3686261880567096,0.469581232926018,-0.6313738119432903,-0.469581232926018
1.0,0.0,-0.008177185308036346,0.02578013737527548,-0.9918228146919637,-0.02578013737527548
1.0,0.0,-0.47671439016912326,0.1537875868997247,-0.5232856098308767,-0.1537875868997247
1.0,0.0,-0.31201609478694975,0.36913561145206353,-0.6879839052130503,-0.36913561145206353
1.0,0.0,-0.015596694117327028,0.0923314809965974,-0.984403305882673,-0.0923314809965974
1.0,0.0,-0.3800313578296262,0.11621267102281792,-0.6199686421703738,-0.11621267102281792
1.0,0.0,-0.43834686570703213,0.40779002428483013,-0.5616531342929678,-0.40779002428483013
1.0,0.0,-0.15028720052847033,0.251402320295576,-0.8497127994715297,-0.251402320295576
1.0,0.0,-0.13897254880273624,0.8890795596862675,-0.8610274511972638,-0.8890795596862675
1.0,0.0,-0.030492347975196243,0.3546850271347766,-0.9695076520248037,-0.3546850271347766
1.0,0.0,-0.3181574591899939,0.5227433975378107,-0.6818425408100062,-0.5227433975378107
1.0,0.0,-0.0006442658336566091,0.14059962260744116,-0.9993557341663434,-0.14059962260744116
1.0,0.0,-0.3262660800156313,0.048477878937893445,-0.6737339199843687,-0.048477878937893445
1.0,0.0,-0.28805583692760783,0.2566007174241948,-0.7119441630723922,-0.2566007174241948
1.0,0.0,-0.017138691930838928,0.059299188840480146,-0.982861308069161,-0.059299188840480146
1.0,0.0,-0.16098128020996075,0.347805877167804,-0.8390187197900393,-0.347805877167804
1.0,0.0,-0.28706450399907707,0.25430730027359405,-0.7129354960009229,-0.25430730027359405
1.0,0.0,-0.22045585210174717,0.32876913964249393,-0.7795441478982528,-0.32876913964249393
1.0,0.0,-0.10042287151492882,0.3015664732150465,-0.8995771284850712,-0.3015664732150465
1.0,0.0,-0.25501267394379795,0.31868242774332006,-0.7449873260562021,-0.31868242774332006
1.0,0.0,-0.00584284500971848,0.027212606582055918,-0.9941571549902816,-0.027212606582055918
1.0,0.0,-0.2382552860167046,0.26841928143673943,-0.7617447139832954,-0.26841928143673943
1.0,0.0,-0.017866559905883816,0.028461323598475113,-0.9821334400941162,-0.028461323598475113
1.0,0.0,-0.05121028673777234,0.04847941948171595,-0.9487897132622276,-0.04847941948171595
1.0,0.0,-0.4908153989643953,0.6342664603417311,-0.5091846010356047,-0.6342664603417311
1.0,0.0,-0.3338537246020188,0.5314662122252197,-0.6661462753979812,-0.5314662122252197
1.0,0.0,-0.1936007033039159,0.4229798275380383,-0.8063992966960841,-0.4229798275380383
1.0,0.0,-0.3146115276679035,0.22303514621394335,-0.6853884723320964,-0.22303514621394335
1.0,0.0,-0.08186436078714127,0.35168402750073535,-0.9181356392128588,-0.35168402750073535
1.0,0.0,-0.25564345255063536,0.22737528431003382,-0.7443565474493646,-0.22737528431003382
1.0,0.0,-0.12891236824710173,0.17973626237372425,-0.8710876317528983,-0.17973626237372425
1.0,0.0,-0.26640388630538325,0.0691487949250795,-0.7335961136946167,-0.0691487949250795
1.0,0.0,-0.279772683713228,0.4366720029502798,-0.7202273162867721,-0.4366720029502798
1.0,0.0,-0.25120101183740434,0.29839760039893354,-0.7487989881625956,-0.29839760039893354
1.0,0.0,-0.051112860541096476,0.8982020435104339,-0.9488871394589036,-0.8982020435104339
1.0,0.0,-0.2648207371918714,0.3551522521140802,-0.7351792628081286,-0.3551522521140802
1.0,0.0,-0.08084311215651312,0.8757655718406832,-0.9191568878434869,-0.8757655718406832
1.0,0.0,-0.24324409936936803,0.15630703483011574,-0.7567559006306319,-0.15630703483011574
1.0,0.0,-0.11316345215651347,0.09760027810338809,-0.8868365478434865,-0.09760027810338809
1.0,0.0,-0.24654953144983383,0.601761043056346,-0.7534504685501662,-0.601761043056346
1.0,0.0,-0.46154876911775045,0.41396392309969443,-0.5384512308822496,-0.41396392309969443
1.0,0.0,-0.08843771190063876,0.049957338466633014,-0.9115622880993612,-0.049957338466633014
1.0,0.0,-0.2864216617966464,0.5896123879758761,-0.7135783382033536,-0.5896123879758761
1.0,0.0,-0.4439561809741319,0.24221082821715484,-0.5560438190258681,-0.24221082821715484
1.0,0.0,-0.03639796227972797,0.4467563951415609,-0.9636020377202721,-0.4467563951415609
1.0,0.0,-0.38613805566196535,0.6114842115063678,-0.6138619443380346,-0.6114842115063678
1.0,0.0,-0.07064340747200637,0.10005078977241924,-0.9293565925279936,-0.10005078977241924
1.0,0.0,-0.35636976190404845,0.4439061435535778,-0.6436302380959515,-0.4439061435535778
1.0,0.0,-0.17565747884152727,0.1812684749355536,-0.8243425211584727,-0.1812684749355536
1.0,0.0,-0.13600304440343422,0.4856019707596956,-0.8639969555965658,-0.4856019707596956
1.0,0.0,-0.1853117994730173,0.026427859407513327,-0.8146882005269827,-0.026427859407513327
1.0,0.0,-0.41000258610247103,0.4904926090732167,-0.589997413897529,-0.4904926090732167
1.0,0.0,-0.06250640859619308,0.2586322529863648,-0.937493591403807,-0.2586322529863648
1.0,0.0,-0.16686092406765107,0.0495824451460516,-0.8331390759323489,-0.0495824451460516
1.0,0.0,-0.4077472203405622,0.05747111678154508,-0.5922527796594378,-0.05747111678154508
1.0,0.0,-0.3826355796932316,0.17526352323903294,-0.6173644203067684,-0.17526352323903294
1.0,0.0,-0.061975268517386495,0.010011270420865276,-0.9380247314826136,-0.010011270420865276
1.0,0.0,-0.405332401295427,0.10635364353003408,-0.594667598704573,-0.10635364353003408
1.0,0.0,-0.007883592984007386,0.017047912337728482,-0.9921164070159926,-0.017047912337728482
1.0,0.0,-0.4078712349537431,0.05854343001619411,-0.5921287650462569,-0.05854343001619411
1.0,0.0,-0.4591661418607135,0.7295160763917162,-0.5408338581392865,-0.7295160763917162
1.0,0.0,-0.11728445738343789,0.7037181626789929,-0.8827155426165622,-0.7037181626789929
1.0,0.0,-0.37553544985741494,0.3847739409626614,-0.6244645501425851,-0.3847739409626614
1.0,0.0,-0.24115233553461035,0.14516772200633693,-0.7588476644653896,-0.14516772200633693
1.0,0.0,-0.14676676610260236,0.21978659153889024,-0.8532332338973976,-0.21978659153889024
1.0,0.0,-0.05807806421932425,0.893610462498679,-0.9419219357806757,-0.893610462498679
1.0,0.0,-0.26812127738814173,0.5567548705549141,-0.7318787226118583,-0.5567548705549141
1.0,0.0,-0.16475405574730262,0.21340837145348754,-0.8352459442526974,-0.21340837145348754
1.0,0.0,-0.0006516233596045104,0.36600392445173485,-0.9993483766403954,-0.36600392445173485
1.0,0.0,-0.06916131169505921,0.17290792162776292,-0.9308386883049408,-0.17290792162776292
1.0,0.0,-0.47494650129787863,0.5274281461850403,-0.5250534987021214,-0.5274281461850403
1.0,0.0,-0.32665997493781873,0.860420932071441,-0.6733400250621813,-0.860420932071441
1.0,0.0,-0.28687045228067776,0.4163451468911527,-0.7131295477193222,-0.4163451468911527
1.0,0.0,-0.160892814316493,0.27684906837968937,-0.8391071856835071,-0.27684906837968937
1.0,0.0,-0.20682017858472385,0.2350956605683349,-0.7931798214152761,-0.2350956605683349
1.0,0.0,-0.37167238522574586,0.19603467766840568,-0.6283276147742541,-0.19603467766840568
1.0,0.0,-0.1402651734027089,0.9289954627409718,-0.8597348265972911,-0.9289954627409718
1.0,0.0,-0.2365788363388226,0.3559158883596587,-0.7634211636611774,-0.3559158883596587
1.0,0.0,-0.4276868024849132,0.3595586141653109,-0.5723131975150868,-0.3595586141653109
1.0,0.0,-0.12918365687772468,0.6170368704715987,-0.8708163431222753,-0.6170368704715987
1.0,0.0,-0.08633779261405539,0.08940520720216527,-0.9136622073859446,-0.08940520720216527
1.0,0.0,-0.04727293478307367,0.1069845166206202,-0.9527270652169263,-0.1069845166206202
1.0,0.0,-0.30966590597855476,0.10385339729115237,-0.6903340940214453,-0.10385339729115237
1.0,0.0,-0.46735238728775513,0.5823704167529941,-0.5326476127122448,-0.5823704167529941
1.0,0.0,-0.019656182730301855,0.1704641175717211,-0.9803438172696981,-0.1704641175717211
1.0,0.0,-0.311663013953475,0.8127266439080407,-0.6883369860465249,-0.8127266439080407
1.0,0.0,-0.1329576055457371,0.18670614350312661,-0.8670423944542629,-0.18670614350312661
1.0,0.0,-0.26015812764359414,0.3107167914548947,-0.7398418723564059,-0.3107167914548947
1.0,0.0,-0.2084590218762294,0.7073117309053897,-0.7915409781237706,-0.7073117309053897
1.0,0.0,-0.027248429278240116,0.02320442048806977,-0.9727515707217599,-0.02320442048806977
1.0,0.0,-0.1507821641956446,0.22344537076857166,-0.8492178358043554,-0.22344537076857166
1.0,0.0,-0.13416517601677663,0.128620338327637,-0.8658348239832234,-0.128620338327637
1.0,0.0,-0.2664884008913278,0.15223070936639005,-0.7335115991086723,-0.15223070936639005
1.0,0.0,-0.03998961903361431,0.014387928280552218,-0.9600103809663857,-0.014387928280552218
1.0,0.0,-0.16636733494896488,0.24912840912498832,-0.8336326650510351,-0.24912840912498832
1.0,0.0,-0.38775130748764036,0.2174337987080267,-0.6122486925123596,-0.2174337987080267
1.0,0.0,-0.049581112873737954,0.0440988852822694,-0.950418887126262,-0.0440988852822694
1.0,0.0,-0.4320607248452201,0.3208566789963037,-0.5679392751547798,-0.3208566789963037
1.0,0.0,-0.11873223901534014,0.2015804359936413,-0.8812677609846599,-0.2015804359936413
1.0,0.0,-0.46659689530283405,0.1066772091967385,-0.5334031046971659,-0.1066772091967385
1.0,0.0,-0.14190484025553174,0.24115225909210422,-0.8580951597444683,-0.24115225909210422
1.0,0.0,-0.3514553554556096,0.2817684920410469,-0.6485446445443904,-0.2817684920410469
1.0,0.0,-0.10625635809611739,0.34037732587862596,-0.8937436419038827,-0.34037732587862596
1.0,0.0,-0.04693475968215011,0.011088714512216673,-0.9530652403178499,-0.011088714512216673
1.0,0.0,-0.2487317266229126,0.10391375200328908,-0.7512682733770875,-0.10391375200328908
1.0,0.0,-0.042319086580145326,0.10390452215724194,-0.9576809134198547,-0.10390452215724194
1.0,0.0,-0.011520775917491266,0.34919527090024016,-0.9884792240825088,-0.34919527090024016
1.0,0.0,-0.32043624888707944,0.43922093312300037,-0.6795637511129206,-0.43922093312300037
1.0,0.0,-0.05772490477739767,0.018979257972494577,-0.9422750952226023,-0.018979257972494577
1.0,0.0,-0.04535069629429654,0.1955429725809355,-0.9546493037057034,-0.1955429725809355
1.0,0.0,-0.0027712867678557395,0.15912602967975825,-0.9972287132321442,-0.15912602967975825
1.0,0.0,-0.4708799102447766,0.8131759320780038,-0.5291200897552234,-0.8131759320780038
1.0,0.0,-0.3890349504467349,0.7917695400461526,-0.610965049553265,-0.7917695400461526
1.0,0.0,-0.4851024382696942,0.2671303354417309,-0.5148975617303058,-0.2671303354417309
1.0,0.0,-0.48559781265014246,0.6617725123569258,-0.5144021873498575,-0.6617725123569258
1.0,0.0,-0.3919109274088795,0.26597564732175466,-0.6080890725911205,-0.26597564732175466
1.0,0.0,-0.003300245747011584,0.04515770985316934,-0.9966997542529884,-0.04515770985316934
1.0,0.0,-0.26773123466546384,0.09714900154212239,-0.7322687653345361,-0.09714900154212239
1.0,0.0,-0.17591686857444672,0.2837113836933368,-0.8240831314255532,-0.2837113836933368
1.0,0.0,-0.05685027851015524,0.12230652242596567,-0.9431497214898448,-0.12230652242596567
1.0,0.0,-0.15564590304783546,0.5414067555066825,-0.8443540969521646,-0.5414067555066825
1.0,0.0,-0.17332716048946728,0.24649013080407667,-0.8266728395105327,-0.24649013080407667
1.0,0.0,-0.3901367401206249,0.2829933010590204,-0.6098632598793752,-0.2829933010590204
1.0,0.0,-0.2187653643956784,0.5402758888843304,-0.7812346356043216,-0.5402758888843304
1.0,0.0,-0.008173405914706444,0.0041517662477736595,-0.9918265940852935,-0.0041517662477736595
1.0,0.0,-0.3463559589301613,0.07041119062048515,-0.6536440410698388,-0.07041119062048515
1.0,0.0,-0.0036219847561519557,0.024014818023268034,-0.9963780152438481,-0.024014818023268034
1.0,0.0,-0.003675829991287405,0.0023415412700376207,-0.9963241700087127,-0.0023415412700376207
1.0,0.0,-0.2759536669000859,0.48132354908485325,-0.7240463330999141,-0.48132354908485325
1.0,0.0,-0.03135253226664453,0.03022507792616185,-0.9686474677333554,-0.03022507792616185
1.0,0.0,-0.492490256463398,0.2773294286130361,-0.507509743536602,-0.2773294286130361
1.0,0.0,-0.4560369540885407,0.6920491003425204,-0.5439630459114593,-0.6920491003425204
1.0,0.0,-0.2561783975445382,0.14411789100736067,-0.7438216024554618,-0.14411789100736067
1.0,0.0,-0.32817702646521657,0.28310453398132673,-0.6718229735347834,-0.28310453398132673
1.0,0.0,-0.05418107779630149,0.06931977560663978,-0.9458189222036986,-0.06931977560663978
1.0,0.0,-0.36814404574711906,0.835249415206051,-0.631855954252881,-0.835249415206051
1.0,0.0,-0.3685485216916264,0.35858454945593815,-0.6314514783083736,-0.35858454945593815
1.0,0.0,-0.05540443096209123,0.15848038062018763,-0.9445955690379088,-0.15848038062018763
1.0,0.0,-0.12026905798104462,0.5681543172943033,-0.8797309420189554,-0.5681543172943033
1.0,0.0,-0.4604002800368456,0.44163091542981603,-0.5395997199631544,-0.44163091542981603
1.0,0.0,-0.26797020825789497,0.6942377392463365,-0.732029791742105,-0.6942377392463365
1.0,0.0,-0.21428795229963926,0.20338698153277165,-0.7857120477003607,-0.20338698153277165
1.0,0.0,-0.36140913713195244,0.6283122804987953,-0.6385908628680476,-0.6283122804987953
1.0,0.0,-0.00019948054915003288,0.00029396409472728994,-0.9998005194508499,-0.00029396409472728994
1.0,0.0,-0.06999512644070627,0.04914575582985548,-0.9300048735592937,-0.04914575582985548
1.0,0.0,-0.23039233995458788,0.5075231728509618,-0.7696076600454121,-0.5075231728509618
1.0,0.0,-0.117705650204981,0.6281584860071289,-0.882294349795019,-0.6281584860071289
1.0,0.0,-0.10596503738037488,0.10264547419183281,-0.8940349626196251,-0.10264547419183281
1.0,0.0,-0.4433661480713791,0.1389844027920869,-0.5566338519286209,-0.1389844027920869
1.0,0.0,-0.04237303156343136,0.05521900018831421,-0.9576269684365686,-0.05521900018831421
1.0,0.0,-0.40230972457306274,0.42867998870683993,-0.5976902754269373,-0.42867998870683993
1.0,0.0,-0.26685058650270044,0.11576181490562952,-0.7331494134972996,-0.11576181490562952
1.0,0.0,-0.021428224675293046,0.05015022295900431,-0.978571775324707,-0.05015022295900431
1.0,0.0,-0.4555892984157463,0.06857532915697166,-0.5444107015842536,-0.06857532915697166
1.0,0.0,-0.21282310596341586,0.595915697206967,-0.7871768940365842,-0.595915697206967
1.0,0.0,-0.012270589709519069,0.05974141036534992,-0.9877294102904809,-0.05974141036534992
1.0,0.0,-0.3022182481907923,0.6362412673029749,-0.6977817518092078,-0.6362412673029749
1.0,0.0,-0.0379486670572991,0.0399262051820275,-0.962051332942701,-0.0399262051820275
1.0,0.0,-0.23643202782228748,0.419097017836594,-0.7635679721777126,-0.419097017836594
1.0,0.0,-0.34825929046238574,0.3860979436191327,-0.6517407095376142,-0.3860979436191327
1.0,0.0,-0.0158622282327251,0.08228310211654483,-0.9841377717672749,-0.08228310211654483
1.0,0.0,-0.4162111321700062,0.7453557259375008,-0.5837888678299938,-0.7453557259375008
1.0,0.0,-0.053084737550376584,0.15745516084750638,-0.9469152624496234,-0.15745516084750638
1.0,0.0,-0.043767062500300824,0.0012397406389427815,-0.9562329374996992,-0.0012397406389427815
1.0,0.0,-0.1784159156665726,0.07440322648989302,-0.8215840843334274,-0.07440322648989302
1.0,0.0,-0.2765623577307169,0.10844376409670335,-0.7234376422692831,-0.10844376409670335
1.0,0.0,-0.18128779116712307,0.13751830621774813,-0.8187122088328769,-0.13751830621774813
1.0,0.0,-0.14057437805081302,0.016671113603705188,-0.8594256219491869,-0.016671113603705188
1.0,0.0,-0.011400115266326222,0.23682377366717366,-0.9885998847336738,-0.23682377366717366
1.0,0.0,-0.013558337549319819,0.6988406040252979,-0.9864416624506802,-0.6988406040252979
1.0,0.0,-0.04378011791488445,0.5573445693949676,-0.9562198820851155,-0.5573445693949676
1.0,0.0,-0.09575787569186252,0.2797238790074223,-0.9042421243081374,-0.2797238790074223
1.0,0.0,-0.2805411722183802,0.5550013096497736,-0.7194588277816198,-0.5550013096497736
1.0,0.0,-0.3843378965324185,0.008440401396678881,-0.6156621034675815,-0.008440401396678881
1.0,0.0,-0.3466072203004457,0.07963583025626547,-0.6533927796995542,-0.07963583025626547
1.0,0.0,-0.18322771863830173,0.29755198320553916,-0.8167722813616982,-0.29755198320553916
1.0,0.0,-0.15292956238758101,0.4639551657926044,-0.847070437612419,-0.4639551657926044
1.0,0.0,-0.1730382450866652,0.22387224850607287,-0.8269617549133348,-0.22387224850607287
1.0,0.0,-0.0713496465545796,0.10051967397818025,-0.9286503534454205,-0.10051967397818025
1.0,0.0,-0.31410232504779223,0.10938356964366129,-0.6858976749522078,-0.10938356964366129
1.0,0.0,-0.3265081401475089,0.24177874102931593,-0.673491859852491,-0.24177874102931593
1.0,0.0,-0.4618449317553352,0.2284412793448466,-0.5381550682446647,-0.2284412793448466
1.0,0.0,-0.4886634011895331,0.6733598564692767,-0.5113365988104669,-0.6733598564692767
1.0,0.0,-0.2737185930935392,0.43389111939701175,-0.7262814069064608,-0.43389111939701175
1.0,0.0,-0.24481492397027307,0.5719249182614182,-0.755185076029727,-0.5719249182614182
1.0,0.0,-0.20803132985158534,0.29397665108840015,-0.7919686701484147,-0.29397665108840015
1.0,0.0,-0.016418046560234878,0.00337497291911938,-0.9835819534397652,-0.00337497291911938
1.0,0.0,-0.39234184278812206,0.10880810426604354,-0.607658157211878,-0.10880810426604354
1.0,0.0,-0.007453168003304926,0.48136780942087165,-0.992546831996695,-0.48136780942087165
1.0,0.0,-0.0019310028916417858,0.02925973562362742,-0.9980689971083582,-0.02925973562362742
1.0,0.0,-0.27959651368150434,0.09922014287927704,-0.7204034863184956,-0.09922014287927704
1.0,0.0,-0.3588401358114731,0.4314790050454004,-0.6411598641885269,-0.4314790050454004
1.0,0.0,-0.48682964619638863,0.7041695878716883,-0.5131703538036114,-0.7041695878716883
1.0,0.0,-0.37603956919123993,0.32089445183094306,-0.6239604308087601,-0.32089445183094306
1.0,0.0,-0.37917029474720754,0.5141935886672666,-0.6208297052527925,-0.5141935886672666
1.0,0.0,-0.042429638200111475,0.6581228176484677,-0.9575703617998885,-0.6581228176484677
1.0,0.0,-0.33620037967494265,0.1428692686623432,-0.6637996203250573,-0.1428692686623432
1.0,0.0,-0.4237189947649048,0.0478563981400825,-0.5762810052350952,-0.0478563981400825
1.0,0.0,-0.03777739420645961,0.0888429413331175,-0.9622226057935404,-0.0888429413331175
1.0,0.0,-0.04113129471400106,0.1151587801285924,-0.958868705285999,-0.1151587801285924
1.0,0.0,-0.25894961024460733,0.17154984807067092,-0.7410503897553926,-0.17154984807067092
1.0,0.0,-0.10369356636706795,0.15825844772727782,-0.896306433632932,-0.15825844772727782
1.0,0.0,-0.2700263003081124,0.21197157471782374,-0.7299736996918875,-0.21197157471782374
1.0,0.0,-0.2009179708433227,0.03611286729226253,-0.7990820291566774,-0.03611286729226253
1.0,0.0,-0.4788717693326286,0.6445980232832722,-0.5211282306673715,-0.6445980232832722
1.0,0.0,-0.3048219609343773,0.01830091290217864,-0.6951780390656227,-0.01830091290217864
1.0,0.0,-0.15132151614776018,0.17465014532797188,-0.8486784838522399,-0.17465014532797188
1.0,0.0,-0.12279573523356224,0.2092283473936944,-0.8772042647664378,-0.2092283473936944
1.0,0.0,-0.15435583452271023,0.24690375624945207,-0.8456441654772897,-0.24690375624945207
1.0,0.0,-0.35655557436225643,0.06889747196337209,-0.6434444256377436,-0.06889747196337209
1.0,0.0,-0.3290106372380853,0.11388946015646473,-0.6709893627619147,-0.11388946015646473
1.0,0.0,-0.02228846090525702,0.1394469165075499,-0.977711539094743,-0.1394469165075499
1.0,0.0,-0.19929737690704796,0.21640889707137714,-0.800702623092952,-0.21640889707137714
1.0,0.0,-0.021457343409673257,0.013856319317273784,-0.9785426565903268,-0.013856319317273784
1.0,0.0,-0.48526890494881775,0.0487804572645778,-0.5147310950511823,-0.0487804572645778
1.0,0.0,-0.10175982008937123,0.003309476999331746,-0.8982401799106288,-0.003309476999331746
1.0,0.0,-0.08945198395728107,0.7940024781647885,-0.910548016042719,-0.7940024781647885
1.0,0.0,-0.11338904721863274,0.049650664583743696,-0.8866109527813673,-0.049650664583743696
1.0,0.0,-0.4754986322143341,0.6903251534695695,-0.5245013677856659,-0.6903251534695695
1.0,0.0,-0.397718829294976,0.27676315197335766,-0.602281170705024,-0.27676315197335766
1.0,0.0,-0.1323139569361844,0.3107989521139489,-0.8676860430638156,-0.3107989521139489
1.0,0.0,-0.17421834574617118,0.7892208067183452,-0.8257816542538288,-0.7892208067183452
1.0,0.0,-0.04808366336759773,0.029445161182967767,-0.9519163366324023,-0.029445161182967767
1.0,0.0,-0.18968197913274293,0.05689299249264856,-0.8103180208672571,-0.05689299249264856
1.0,0.0,-0.08973015820230078,0.8168043837163094,-0.9102698417976992,-0.8168043837163094
1.0,0.0,-0.4132388909821361,0.6448237024898549,-0.5867611090178639,-0.6448237024898549
1.0,0.0,-0.1906536091107551,0.8566559432425244,-0.8093463908892449,-0.8566559432425244
1.0,0.0,-0.24938181447439414,0.8589251515600608,-0.7506181855256059,-0.8589251515600608
1.0,0.0,-0.2617676861686121,0.6206963094731273,-0.7382323138313879,-0.6206963094731273
1.0,0.0,-0.20835177334603527,0.1113843063201204,-0.7916482266539647,-0.1113843063201204
1.0,0.0,-0.08267333437335433,0.1316171698286361,-0.9173266656266457,-0.1316171698286361
1.0,0.0,-0.10918384558087797,0.6489685251333749,-0.890816154419122,-0.6489685251333749
1.0,0.0,-0.053841765546840836,0.02680130235490456,-0.9461582344531592,-0.02680130235490456
1.0,0.0,-0.16361603175217032,0.23857443374151283,-0.8363839682478297,-0.23857443374151283
1.0,0.0,-0.21894924682243813,0.4153909217233656,-0.7810507531775619,-0.4153909217233656
1.0,0.0,-0.2379917766730148,0.12435209511232397,-0.7620082233269851,-0.12435209511232397
1.0,0.0,-0.040134802933574056,0.2875655622418156,-0.9598651970664259,-0.2875655622418156
1.0,0.0,-0.33174548205774146,0.48228574528472984,-0.6682545179422585,-0.48228574528472984
1.0,0.0,-0.10982147474964261,0.39303630346415386,-0.8901785252503573,-0.39303630346415386
1.0,0.0,-0.23983942555532878,0.044920574237210874,-0.7601605744446712,-0.044920574237210874
1.0,0.0,-0.4886778213339665,0.15244855681624025,-0.5113221786660336,-0.15244855681624025
1.0,0.0,-0.14416186899054556,0.20640675876530756,-0.8558381310094545,-0.20640675876530756
1.0,0.0,-0.3707552724456831,0.6393320481014138,-0.6292447275543169,-0.6393320481014138
1.0,0.0,-0.4275795907097679,0.4311744368102343,-0.5724204092902321,-0.4311744368102343
1.0,0.0,-0.05128234706875534,0.013654839023835467,-0.9487176529312447,-0.013654839023835467
1.0,0.0,-0.02499128023604413,0.37536755405444366,-0.9750087197639559,-0.37536755405444366
1.0,0.0,-0.18691376179292912,0.18635803372531165,-0.8130862382070709,-0.18635803372531165
1.0,0.0,-0.08367008061473535,0.8529469905811714,-0.9163299193852646,-0.8529469905811714
1.0,0.0,-0.12262165913833639,0.015779521865339586,-0.8773783408616636,-0.015779521865339586
1.0,0.0,-0.10419075404093459,0.16609886778293434,-0.8958092459590654,-0.16609886778293434
1.0,0.0,-0.4830562378401083,0.8019927412915102,-0.5169437621598917,-0.8019927412915102
1.0,0.0,-0.45111510031244795,0.7674856235169122,-0.548884899687552,-0.7674856235169122
1.0,0.0,-0.43749264752734374,0.5416888531607605,-0.5625073524726563,-0.5416888531607605
1.0,0.0,-0.10767782507361334,0.5596677877552443,-0.8923221749263867,-0.5596677877552443
1.0,0.0,-0.14383790833934657,0.3216551561111771,-0.8561620916606534,-0.3216551561111771
1.0,0.0,-0.3836326108536901,0.6141975933785969,-0.61636738914631,-0.6141975933785969
1.0,0.0,-0.030207452777297916,0.032449467800659756,-0.969792547222702,-0.032449467800659756
1.0,0.0,-0.4736543514086469,0.19138158349586518,-0.5263456485913531,-0.19138158349586518
1.0,0.0,-0.404933958668458,0.008721982958040816,-0.5950660413315421,-0.008721982958040816
1.0,0.0,-0.00022776476077129848,0.0001671592444809395,-0.9997722352392286,-0.0001671592444809395
1.0,0.0,-0.07497142434681178,0.3653819723111939,-0.9250285756531882,-0.3653819723111939
1.0,0.0,-0.1808570942217504,0.37464959863760267,-0.8191429057782496,-0.37464959863760267
1.0,0.0,-0.25989914718562424,0.15090285743025683,-0.7401008528143758,-0.15090285743025683
1.0,0.0,-0.17726867388332584,0.1861219505211612,-0.8227313261166742,-0.1861219505211612
1.0,0.0,-0.02873624709022062,0.2240344222021991,-0.9712637529097794,-0.2240344222021991
1.0,0.0,-0.17010124900301365,0.5712079028950744,-0.8298987509969864,-0.5712079028950744
1.0,0.0,-0.22859433149977687,0.2067618698185145,-0.7714056685002231,-0.2067618698185145
1.0,0.0,-0.27711406779272385,0.277325399315438,-0.7228859322072761,-0.277325399315438
1.0,0.0,-0.07525571950031132,0.4267786484554578,-0.9247442804996887,-0.4267786484554578
1.0,0.0,-0.034395456023093296,0.04602744623512049,-0.9656045439769068,-0.04602744623512049
1.0,0.0,-0.18769585296856928,0.2883232811475128,-0.8123041470314307,-0.2883232811475128
1.0,0.0,-0.28766238909570996,0.15218800370706606,-0.71233761090429,-0.15218800370706606
1.0,0.0,-0.20014622850485175,0.07052780548637423,-0.7998537714951482,-0.07052780548637423
1.0,0.0,-0.4895976282399924,0.26697004217037246,-0.5104023717600076,-0.26697004217037246
1.0,0.0,-0.006130064983724592,0.007500969500456546,-0.9938699350162754,-0.007500969500456546
1.0,0.0,-0.2952193949163653,0.1987036364041372,-0.7047806050836347,-0.1987036364041372
1.0,0.0,-0.041785038275227795,0.9271758540234781,-0.9582149617247722,-0.9271758540234781
1.0,0.0,-0.09888445275827179,0.0767703371789315,-0.9011155472417283,-0.0767703371789315
1.0,0.0,-0.08020526431791218,0.20163420773365012,-0.9197947356820878,-0.20163420773365012
1.0,0.0,-0.2937378302689431,0.3072687034207638,-0.7062621697310569,-0.3072687034207638
1.0,0.0,-0.11769239478540411,0.13503054536308948,-0.882307605214596,-0.13503054536308948
1.0,0.0,-0.26448492895016806,0.3150110422426404,-0.7355150710498319,-0.3150110422426404
1.0,0.0,-0.35196485114946163,0.5665038586098329,-0.6480351488505384,-0.5665038586098329
1.0,0.0,-0.25264246976604454,0.9320131784218948,-0.7473575302339555,-0.9320131784218948
1.0,0.0,-0.2350353592452702,0.30812392365700925,-0.7649646407547298,-0.30812392365700925
1.0,0.0,-0.18115516457300634,0.17815955212069826,-0.8188448354269937,-0.17815955212069826
1.0,0.0,-0.04733695575029849,0.19643280477471067,-0.9526630442497015,-0.19643280477471067
1.0,0.0,-0.08142652075478096,0.09765146070639902,-0.918573479245219,-0.09765146070639902
1.0,0.0,-0.05668465226644204,0.04178203425542992,-0.943315347733558,-0.04178203425542992
1.0,0.0,-0.1425674001763363,0.10231892926347433,-0.8574325998236637,-0.10231892926347433
1.0,0.0,-0.2925721759284859,0.6439380246958772,-0.7074278240715142,-0.6439380246958772
1.0,0.0,-0.10786110989888725,0.2666222987931171,-0.8921388901011127,-0.2666222987931171
1.0,0.0,-0.3607209446602382,0.4860075611725358,-0.6392790553397618,-0.4860075611725358
1.0,0.0,-0.4593111958449257,0.34816399867623427,-0.5406888041550744,-0.34816399867623427
1.0,0.0,-0.23236730322943078,0.1811348001227977,-0.7676326967705692,-0.1811348001227977
1.0,0.0,-0.49321408356763813,0.7836005448472081,-0.5067859164323618,-0.7836005448472081
1.0,0.0,-0.31412968045175943,0.3497340227286102,-0.6858703195482405,-0.3497340227286102
1.0,0.0,-0.09722448880871454,0.848780299875905,-0.9027755111912854,-0.848780299875905
1.0,0.0,-0.16197248500295836,0.21595104221760522,-0.8380275149970416,-0.21595104221760522
1.0,0.0,-0.4435154952853474,0.5843887283829258,-0.5564845047146526,-0.5843887283829258
1.0,0.0,-0.10625220396025313,0.27662374841462756,-0.8937477960397469,-0.27662374841462756
1.0,0.0,-0.1310931672612627,0.19907146841281742,-0.8689068327387373,-0.19907146841281742
1.0,0.0,-0.007389086837866654,0.012760050259100432,-0.9926109131621333,-0.012760050259100432
1.0,0.0,-0.45097981725350716,0.6067263550129095,-0.5490201827464929,-0.6067263550129095
1.0,0.0,-0.37894180971062447,0.4614945922704798,-0.6210581902893755,-0.4614945922704798
1.0,0.0,-0.18535663942599184,0.8661753006418464,-0.8146433605740082,-0.8661753006418464
1.0,0.0,-0.28868592562923184,0.40878489984551536,-0.7113140743707682,-0.40878489984551536
1.0,0.0,-0.006416032915735281,0.010995635387308474,-0.9935839670842648,-0.010995635387308474
1.0,0.0,-0.36476755474666617,0.6061889968728332,-0.6352324452533338,-0.6061889968728332
1.0,0.0,-0.1727852276459803,0.302379952546503,-0.8272147723540197,-0.302379952546503
1.0,0.0,-0.11145228701810639,0.0028998300239265157,-0.8885477129818936,-0.0028998300239265157
1.0,0.0,-0.4313368902508964,0.2921003325628174,-0.5686631097491036,-0.2921003325628174
1.0,0.0,-0.2298172732048379,0.2892127299333843,-0.7701827267951621,-0.2892127299333843
1.0,0.0,-0.004296740251706768,0.17588511441616664,-0.9957032597482932,-0.17588511441616664
1.0,0.0,-0.31533523226581067,0.2788861729750491,-0.6846647677341893,-0.2788861729750491
1.0,0.0,-0.07223922507101882,0.012329890344952795,-0.9277607749289811,-0.012329890344952795
1.0,0.0,-0.3956982214065635,0.5211779129098851,-0.6043017785934365,-0.5211779129098851
1.0,0.0,-0.03870325686819492,0.07166103214970762,-0.9612967431318051,-0.07166103214970762
1.0,0.0,-0.481858509227475,0.331618874334745,-0.518141490772525,-0.331618874334745
1.0,0.0,-0.4681384962031377,0.25185991719073103,-0.5318615037968624,-0.25185991719073103
1.0,0.0,-0.16420672034408704,0.4751621118198211,-0.835793279655913,-0.4751621118198211
1.0,0.0,-0.2527779302777982,0.41242871491162875,-0.7472220697222018,-0.41242871491162875
1.0,0.0,-0.029712407927059314,0.04658058474013851,-0.9702875920729407,-0.04658058474013851
1.0,0.0,-0.31458445852006295,0.17743472430509852,-0.685415541479937,-0.17743472430509852
1.0,0.0,-0.3486792637102014,0.5713051529328933,-0.6513207362897986,-0.5713051529328933
1.0,0.0,-0.07324811180975771,0.09490521562679398,-0.9267518881902423,-0.09490521562679398
1.0,0.0,-0.23299230223935152,0.07063540637301816,-0.7670076977606485,-0.07063540637301816
1.0,0.0,-0.39480405309581723,0.1174761718010783,-0.6051959469041828,-0.1174761718010783
1.0,0.0,-0.023158954807387548,0.9558657751726908,-0.9768410451926125,-0.9558657751726908
1.0,0.0,-0.01614917811575421,0.07692623299234445,-0.9838508218842458,-0.07692623299234445
1.0,0.0,-0.30929542829494616,0.3997995354533255,-0.6907045717050538,-0.3997995354533255
1.0,0.0,-0.009364894858095314,0.0747627781653567,-0.9906351051419047,-0.0747627781653567
1.0,0.0,-0.22540690111586142,0.3587146634370302,-0.7745930988841385,-0.3587146634370302
1.0,0.0,-0.1613824980363902,0.2652246889438856,-0.8386175019636097,-0.2652246889438856
1.0,0.0,-0.0051871636667986665,0.0042466447615096894,-0.9948128363332014,-0.0042466447615096894
1.0,0.0,-0.03920542243797953,0.19140698469924886,-0.9607945775620205,-0.19140698469924886
1.0,0.0,-0.37174617848122854,0.43414190510740575,-0.6282538215187714,-0.43414190510740575
1.0,0.0,-0.04640347003005844,0.6687743188956659,-0.9535965299699416,-0.6687743188956659
1.0,0.0,-0.37969807576475795,0.6283754778348788,-0.6203019242352421,-0.6283754778348788
1.0,0.0,-0.433671900676256,0.013901573814728388,-0.5663280993237441,-0.013901573814728388
1.0,0.0,-0.05119007518927171,0.040135977908957274,-0.9488099248107282,-0.040135977908957274
1.0,0.0,-0.20182825287722705,0.30068728786557153,-0.798171747122773,-0.30068728786557153
1.0,0.0,-0.4762653105377741,0.6039377977437207,-0.5237346894622259,-0.6039377977437207
1.0,0.0,-0.2209090112189186,0.14395712616588102,-0.7790909887810814,-0.14395712616588102
1.0,0.0,-0.07294811312946498,0.10230130647423777,-0.9270518868705351,-0.10230130647423777
1.0,0.0,-0.3671388476524638,0.3665231273542944,-0.6328611523475363,-0.3665231273542944
1.0,0.0,-0.09585928952048645,0.001250491341296825,-0.9041407104795136,-0.001250491341296825
1.0,0.0,-0.019629559720281735,0.05720191426462951,-0.9803704402797183,-0.05720191426462951
1.0,0.0,-0.04178038141456166,0.5240021601767575,-0.9582196185854384,-0.5240021601767575
1.0,0.0,-0.14708951993398633,0.3789422048172374,-0.8529104800660137,-0.3789422048172374
1.0,0.0,-0.16677387499594892,0.07238403292146106,-0.8332261250040511,-0.07238403292146106
1.0,0.0,-0.21431203710144828,0.9000717143807667,-0.7856879628985517,-0.9000717143807667
1.0,0.0,-0.04858282198768621,0.03410960400981364,-0.9514171780123137,-0.03410960400981364
1.0,0.0,-0.3311085837335446,0.2973863222141445,-0.6688914162664554,-0.2973863222141445
1.0,0.0,-0.024510627279906914,0.24145193004149842,-0.9754893727200931,-0.24145193004149842
1.0,0.0,-0.0984465946727805,0.13319075734172475,-0.9015534053272195,-0.13319075734172475
1.0,0.0,-0.038260883923983365,0.10407017719570981,-0.9617391160760166,-0.10407017719570981
1.0,0.0,-0.14688767139139447,0.17692471133806242,-0.8531123286086055,-0.17692471133806242
1.0,0.0,-0.28907723332982915,0.48661367478965084,-0.7109227666701708,-0.48661367478965084
1.0,0.0,-0.10754722543345696,0.1676217114796451,-0.892452774566543,-0.1676217114796451
1.0,0.0,-0.23537563307860607,0.6146600766392785,-0.7646243669213939,-0.6146600766392785
1.0,0.0,-0.12583816766187947,0.3795244624617249,-0.8741618323381205,-0.3795244624617249
1.0,0.0,-0.08640311765166414,0.10429980908679123,-0.9135968823483358,-0.10429980908679123
1.0,0.0,-0.41459922327410137,0.648409084004321,-0.5854007767258986,-0.648409084004321
1.0,0.0,-0.3847219906881251,0.4562845310788351,-0.6152780093118748,-0.4562845310788351
1.0,0.0,-0.039706519613432634,0.06185383049247402,-0.9602934803865674,-0.06185383049247402
1.0,0.0,-0.03220041013602586,0.12617250434197502,-0.9677995898639742,-0.12617250434197502
1.0,0.0,-0.1431670793727114,0.576661647898203,-0.8568329206272887,-0.576661647898203
1.0,0.0,-0.3962013959587635,0.6501476415995496,-0.6037986040412364,-0.6501476415995496
1.0,0.0,-0.2848549092505211,0.25639091311261386,-0.715145090749479,-0.25639091311261386
1.0,0.0,-0.18949314823013325,0.0060234285857637595,-0.8105068517698668,-0.0060234285857637595
1.0,0.0,-0.174152077183653,0.05260771285618174,-0.825847922816347,-0.05260771285618174
1.0,0.0,-0.4726115782929943,0.6782058239760538,-0.5273884217070057,-0.6782058239760538
1.0,0.0,-0.1341847757401919,0.14799411717116193,-0.8658152242598081,-0.14799411717116193
1.0,0.0,-0.3949950975358369,0.6055610315197126,-0.605004902464163,-0.6055610315197126
1.0,0.0,-0.11809293027422763,0.023844282038016622,-0.8819070697257724,-0.023844282038016622
1.0,0.0,-0.030977363320157568,0.16046995012192267,-0.9690226366798425,-0.16046995012192267
1.0,0.0,-0.21935944499727963,0.6833166523890061,-0.7806405550027203,-0.6833166523890061
1.0,0.0,-0.20738153675268228,0.14973102688765183,-0.7926184632473177,-0.14973102688765183
1.0,0.0,-0.49627443592124265,0.37656653692619896,-0.5037255640787573,-0.37656653692619896
1.0,0.0,-0.4834724957719517,0.567100542590994,-0.5165275042280483,-0.567100542590994
1.0,0.0,-0.07737671152910996,0.08441003610011821,-0.92262328847089,-0.08441003610011821
1.0,0.0,-0.4825948225202584,0.11975114019113726,-0.5174051774797416,-0.11975114019113726
1.0,0.0,-0.32386780403153176,0.5525105968961431,-0.6761321959684683,-0.5525105968961431
1.0,0.0,-0.2921655744036011,0.34508810397193,-0.7078344255963989,-0.34508810397193
1.0,0.0,-0.2834334119183103,0.12510289246240328,-0.7165665880816897,-0.12510289246240328
1.0,0.0,-0.22937182560977454,0.13019409933892748,-0.7706281743902255,-0.13019409933892748
1.0,0.0,-0.12195501721957891,0.1318813770716981,-0.8780449827804211,-0.1318813770716981
1.0,0.0,-0.013691333837492325,0.00959262561458463,-0.9863086661625077,-0.00959262561458463
1.0,0.0,-0.03469158824357803,0.2800786185019385,-0.965308411756422,-0.2800786185019385
1.0,0.0,-0.4518505093114874,0.6404862816266704,-0.5481494906885126,-0.6404862816266704
1.0,0.0,-0.12033921238176337,0.18735186358937272,-0.8796607876182366,-0.18735186358937272
1.0,0.0,-0.10159189854018053,0.17542457358608668,-0.8984081014598195,-0.17542457358608668
1.0,0.0,-0.13803947461741128,0.12401320166079642,-0.8619605253825887,-0.12401320166079642
1.0,0.0,-0.020160762729162146,0.03779862948999586,-0.9798392372708379,-0.03779862948999586
1.0,0.0,-0.046095834320064345,0.18077851535187806,-0.9539041656799356,-0.18077851535187806
1.0,0.0,-0.327145627194154,0.0495157428115215,-0.672854372805846,-0.0495157428115215
1.0,0.0,-0.011175099275086121,0.10763636147686759,-0.9888249007249139,-0.10763636147686759
1.0,0.0,-0.46031519530807313,0.5465385348129571,-0.5396848046919269,-0.5465385348129571
1.0,0.0,-0.20166165502448935,0.32732769904530984,-0.7983383449755106,-0.32732769904530984
1.0,0.0,-0.021149433315011887,0.0545665168756188,-0.9788505666849882,-0.0545665168756188
1.0,0.0,-0.18001267787571365,0.45846957822555284,-0.8199873221242864,-0.45846957822555284
1.0,0.0,-0.10203307875152462,0.06392835052373959,-0.8979669212484753,-0.06392835052373959
1.0,0.0,-0.4604632625376594,0.5512838553995829,-0.5395367374623405,-0.5512838553995829
1.0,0.0,-0.009166408905738554,0.003519625700102946,-0.9908335910942614,-0.003519625700102946
1.0,0.0,-0.1336279831849957,0.20485957588320797,-0.8663720168150043,-0.20485957588320797
1.0,0.0,-0.4764813599398372,0.07367335792647364,-0.5235186400601628,-0.07367335792647364
1.0,0.0,-0.0749965379822309,0.47444863421738737,-0.9250034620177691,-0.47444863421738737
1.0,0.0,-0.42522786038956883,0.365571458182362,-0.5747721396104312,-0.365571458182362
1.0,0.0,-0.10717685528355048,0.035375986697421036,-0.8928231447164495,-0.035375986697421036
1.0,0.0,-0.02941105571557865,0.09644151714347537,-0.9705889442844213,-0.09644151714347537
1.0,0.0,-0.04747780554609038,0.010610530301018977,-0.9525221944539096,-0.010610530301018977
1.0,0.0,-0.04987903994830712,0.273482150116845,-0.9501209600516929,-0.273482150116845
1.0,0.0,-0.05658019966655348,0.07158286806299834,-0.9434198003334465,-0.07158286806299834
1.0,0.0,-0.3904795923712887,0.04286837145862967,-0.6095204076287113,-0.04286837145862967
1.0,0.0,-0.36893174077433777,0.027104732404257693,-0.6310682592256622,-0.027104732404257693
1.0,0.0,-0.2144741312724345,0.43907622310240557,-0.7855258687275655,-0.43907622310240557
1.0,0.0,-0.2917315133595819,0.19125319110791678,-0.7082684866404181,-0.19125319110791678
1.0,0.0,-0.39423450068848837,0.13431943761433968,-0.6057654993115116,-0.13431943761433968
1.0,0.0,-0.2288564592016203,0.23725872207729728,-0.7711435407983798,-0.23725872207729728
1.0,0.0,-0.3544172602562041,0.7327270903152543,-0.6455827397437959,-0.7327270903152543
1.0,0.0,-0.1267160563427147,0.12883860029251115,-0.8732839436572852,-0.12883860029251115
1.0,0.0,-0.3682043458637669,0.03720937297371172,-0.6317956541362331,-0.03720937297371172
1.0,0.0,-0.43288399227163454,0.5058802963431375,-0.5671160077283655,-0.5058802963431375
1.0,0.0,-0.2370822484810044,0.25403886964540223,-0.7629177515189955,-0.25403886964540223
1.0,0.0,-0.32172287468575944,0.48969865278658475,-0.6782771253142406,-0.48969865278658475
1.0,0.0,-0.2121498546845213,0.568109842012518,-0.7878501453154787,-0.568109842012518
1.0,0.0,-0.22159320083801265,0.32372032921363764,-0.7784067991619874,-0.32372032921363764
1.0,0.0,-0.4833879752441312,0.14575391574700117,-0.5166120247558688,-0.14575391574700117
1.0,0.0,-0.3013446056010643,0.5089136712338007,-0.6986553943989358,-0.5089136712338007
1.0,0.0,-0.04289955266482237,0.30089812838568636,-0.9571004473351776,-0.30089812838568636
1.0,0.0,-0.1046781808713213,0.1512093551612304,-0.8953218191286787,-0.1512093551612304
1.0,0.0,-0.0007554885254848924,0.0075268450795975715,-0.9992445114745151,-0.0075268450795975715
1.0,0.0,-0.09576657812296996,0.11400027723120171,-0.90423342187703,-0.11400027723120171
1.0,0.0,-0.08872747060182616,0.47157650439597676,-0.9112725293981738,-0.47157650439597676
1.0,0.0,-0.263895897729919,0.01960766428400375,-0.7361041022700809,-0.01960766428400375
1.0,0.0,-0.11024431643272403,0.07694287478603254,-0.889755683567276,-0.07694287478603254
1.0,0.0,-0.24639423233013402,0.7888824750578922,-0.753605767669866,-0.7888824750578922
1.0,0.0,-0.19603989702475247,0.8235349192948531,-0.8039601029752476,-0.8235349192948531
1.0,0.0,-0.11815926689349521,0.19420470290536793,-0.8818407331065048,-0.19420470290536793
1.0,0.0,-0.047468348524336346,0.07490629872674225,-0.9525316514756637,-0.07490629872674225
1.0,0.0,-0.06718207614387496,0.7630795460242393,-0.932817923856125,-0.7630795460242393
1.0,0.0,-0.3530134841126223,0.26927205781687197,-0.6469865158873778,-0.26927205781687197
1.0,0.0,-0.09843039246697521,0.0970532363508754,-0.9015696075330248,-0.0970532363508754
1.0,0.0,-0.13855037347278087,0.21107676466040323,-0.8614496265272191,-0.21107676466040323
1.0,0.0,-0.3501833250815809,0.26074374525246247,-0.6498166749184191,-0.26074374525246247
1.0,0.0,-0.3352077230197828,0.03524646206713189,-0.6647922769802173,-0.03524646206713189
1.0,0.0,-0.366936830055674,0.35127019348914873,-0.633063169944326,-0.35127019348914873
1.0,0.0,-0.3720065160486697,0.05441762085584176,-0.6279934839513304,-0.05441762085584176
1.0,0.0,-0.4854776114201935,0.26701662946583404,-0.5145223885798065,-0.26701662946583404
1.0,0.0,-0.010226106959207669,0.22514372971906266,-0.9897738930407923,-0.22514372971906266
1.0,0.0,-0.3625799756366553,0.5137062333611268,-0.6374200243633448,-0.5137062333611268
1.0,0.0,-0.2626718904533168,0.24239972904222248,-0.7373281095466833,-0.24239972904222248
1.0,0.0,-0.36256880312643086,0.26787533118614126,-0.6374311968735691,-0.26787533118614126
1.0,0.0,-0.28862089792964574,0.13013139571920893,-0.7113791020703543,-0.13013139571920893
1.0,0.0,-0.19191228861531667,0.49042230756837446,-0.8080877113846834,-0.49042230756837446
1.0,0.0,-0.4822963221057435,0.24110289600035942,-0.5177036778942565,-0.24110289600035942
1.0,0.0,-0.023720960753419285,0.0017518221420191574,-0.9762790392465808,-0.0017518221420191574
1.0,0.0,-0.37938900965651184,0.15110030961557075,-0.6206109903434882,-0.15110030961557075
1.0,0.0,-0.49988378663927535,0.3295948773755594,-0.5001162133607246,-0.3295948773755594
1.0,0.0,-0.0015813474640097127,0.07788426995721753,-0.9984186525359903,-0.07788426995721753
1.0,0.0,-0.3313994822919579,0.2318817719071636,-0.6686005177080421,-0.2318817719071636
1.0,0.0,-0.12900988585160347,0.603930314736271,-0.8709901141483966,-0.603930314736271
1.0,0.0,-0.16326935805644766,0.27523191138699926,-0.8367306419435523,-0.27523191138699926
1.0,0.0,-0.07677466532033239,0.07261673943273507,-0.9232253346796676,-0.07261673943273507
1.0,0.0,-0.26995939325129503,0.4109261869128023,-0.730040606748705,-0.4109261869128023
1.0,0.0,-0.4667428065460337,0.16251913236191992,-0.5332571934539663,-0.16251913236191992
1.0,0.0,-0.4106144050587645,0.4870805546728953,-0.5893855949412354,-0.4870805546728953
1.0,0.0,-0.12815149678533033,0.130932044123741,-0.8718485032146697,-0.130932044123741
1.0,0.0,-0.34768912228736637,0.7852937995374307,-0.6523108777126336,-0.7852937995374307
1.0,0.0,-0.3576751852553798,0.6060474127856114,-0.6423248147446202,-0.6060474127856114
1.0,0.0,-0.19885734726222898,0.023192363128072147,-0.801142652737771,-0.023192363128072147
1.0,0.0,-0.2463341023178383,0.2835257827090567,-0.7536658976821617,-0.2835257827090567
1.0,0.0,-0.43703028378671205,0.22253571686580115,-0.562969716213288,-0.22253571686580115
1.0,0.0,-0.30705229107665566,0.13358343911576884,-0.6929477089233443,-0.13358343911576884
1.0,0.0,-0.22468465935093018,0.4530178963679536,-0.7753153406490698,-0.4530178963679536
1.0,0.0,-0.13522808250153406,0.2070197522863327,-0.8647719174984659,-0.2070197522863327
1.0,0.0,-0.16112801712349611,0.2928640687598247,-0.8388719828765039,-0.2928640687598247
1.0,0.0,-0.2428769316757109,0.323493317472147,-0.7571230683242891,-0.323493317472147
1.0,0.0,-0.24094192426056718,0.7131850213484875,-0.7590580757394328,-0.7131850213484875
1.0,0.0,-0.28257782600533854,0.578129329538685,-0.7174221739946615,-0.578129329538685
1.0,0.0,-0.28949806609008816,3.7172914849117275e-05,-0.7105019339099119,-3.7172914849117275e-05
1.0,0.0,-0.12355962062713388,0.137942023656348,-0.8764403793728661,-0.137942023656348
1.0,0.0,-0.3433330212773899,0.15031049699336438,-0.65666697872261,-0.15031049699336438
1.0,0.0,-0.023406768353477547,0.030015975459694113,-0.9765932316465225,-0.030015975459694113
1.0,0.0,-0.15175552218070212,0.4087916560325016,-0.8482444778192979,-0.4087916560325016
1.0,0.0,-0.2810647645052231,0.46145616075346596,-0.7189352354947769,-0.46145616075346596
1.0,0.0,-0.28828702358073227,0.014593950531136369,-0.7117129764192678,-0.014593950531136369
1.0,0.0,-0.3927220923899134,0.5022387894381246,-0.6072779076100866,-0.5022387894381246
1.0,0.0,-0.20315937302205533,0.2543548040002096,-0.7968406269779447,-0.2543548040002096
1.0,0.0,-0.04908441477069829,0.1321365574003509,-0.9509155852293018,-0.1321365574003509
1.0,0.0,-0.46248291558566,0.6866302417214684,-0.53751708441434,-0.6866302417214684
1.0,0.0,-0.09507631032081648,0.7456909948015944,-0.9049236896791835,-0.7456909948015944
1.0,0.0,-0.385292311542568,0.05223872076588107,-0.6147076884574321,-0.05223872076588107
1.0,0.0,-0.3019793616381405,0.41494564573257275,-0.6980206383618595,-0.41494564573257275
1.0,0.0,-0.18999360633299928,0.3785926272751485,-0.8100063936670008,-0.3785926272751485
1.0,0.0,-0.22422678883641667,0.17392934941045288,-0.7757732111635833,-0.17392934941045288
1.0,0.0,-0.48466452354665224,0.34093659357552003,-0.5153354764533478,-0.34093659357552003
1.0,0.0,-0.2946590366189657,0.8222682513548801,-0.7053409633810344,-0.8222682513548801
1.0,0.0,-0.03490600877993239,0.6796021377258047,-0.9650939912200676,-0.6796021377258047
1.0,0.0,-0.3901193692894173,0.7403873859606791,-0.6098806307105826,-0.7403873859606791
1.0,0.0,-0.06062110457942592,0.3744356872098397,-0.9393788954205741,-0.3744356872098397
1.0,0.0,-0.10145164998096827,0.4341707853819916,-0.8985483500190318,-0.4341707853819916
1.0,0.0,-0.08604953590224634,0.017415570236034916,-0.9139504640977536,-0.017415570236034916
1.0,0.0,-0.03363550679229472,0.1210217681496901,-0.9663644932077052,-0.1210217681496901
1.0,0.0,-0.32637888864309994,0.4433195238094464,-0.6736211113569001,-0.4433195238094464
1.0,0.0,-0.17388960109809148,0.22725103356634827,-0.8261103989019085,-0.22725103356634827
1.0,0.0,-0.2534383913242333,0.21512510749150707,-0.7465616086757667,-0.21512510749150707
1.0,0.0,-0.07300612296033793,0.11311670970005422,-0.9269938770396621,-0.11311670970005422
1.0,0.0,-0.36278356614799667,0.6071079461606024,-0.6372164338520033,-0.6071079461606024
1.0,0.0,-0.2845979776800497,0.4625232426750549,-0.7154020223199503,-0.4625232426750549
1.0,0.0,-0.07628541806128598,0.21557320718641323,-0.923714581938714,-0.21557320718641323
1.0,0.0,-0.14272720555960183,0.24044076805088815,-0.8572727944403982,-0.24044076805088815
1.0,0.0,-0.10204645709565155,0.3924099418527237,-0.8979535429043485,-0.3924099418527237
1.0,0.0,-0.4279144653379159,0.08558898552202214,-0.5720855346620841,-0.08558898552202214
1.0,0.0,-0.46355062556151694,0.7033892861377716,-0.5364493744384831,-0.7033892861377716
1.0,0.0,-0.10815906083846888,0.16097778904431764,-0.8918409391615312,-0.16097778904431764
1.0,0.0,-0.32162763181673554,0.5214343369558196,-0.6783723681832645,-0.5214343369558196
1.0,0.0,-0.11954847355693837,0.04219089249163943,-0.8804515264430617,-0.04219089249163943
1.0,0.0,-0.2543966262634284,0.3427002462183626,-0.7456033737365716,-0.3427002462183626
1.0,0.0,-0.1071359632089432,0.24536171986152494,-0.8928640367910567,-0.24536171986152494
1.0,0.0,-0.05329185948879572,0.07788387761987586,-0.9467081405112043,-0.07788387761987586
1.0,0.0,-0.05652144828795996,0.07744051703646679,-0.9434785517120401,-0.07744051703646679
1.0,0.0,-0.4945915589707778,0.2835984964702421,-0.5054084410292222,-0.2835984964702421
1.0,0.0,-0.1382510540049368,0.033230224327484605,-0.8617489459950631,-0.033230224327484605
1.0,0.0,-0.19381544943688878,0.1551898250081486,-0.8061845505631112,-0.1551898250081486
1.0,0.0,-0.4559031331217177,0.5755573018790301,-0.5440968668782823,-0.5755573018790301
1.0,0.0,-0.04384322899262423,0.1320470484256283,-0.9561567710073757,-0.1320470484256283
1.0,0.0,-0.011360899555204486,0.02154511610970785,-0.9886391004447955,-0.02154511610970785
1.0,0.0,-0.08264319213007121,0.12560196545514254,-0.9173568078699288,-0.12560196545514254
1.0,0.0,-0.01976936473791482,0.04474679985920917,-0.9802306352620852,-0.04474679985920917
1.0,0.0,-0.39809326110610715,0.45503484232482583,-0.6019067388938928,-0.45503484232482583
1.0,0.0,-0.43806738548595175,0.6330914278965776,-0.5619326145140482,-0.6330914278965776
1.0,0.0,-0.15192713403143515,0.12553075873553332,-0.8480728659685648,-0.12553075873553332
1.0,0.0,-0.012567968348535907,0.08437431572849977,-0.9874320316514641,-0.08437431572849977
1.0,0.0,-0.08931966588346313,0.026218751919632875,-0.9106803341165368,-0.026218751919632875
1.0,0.0,-0.0791666433263742,0.3494266936353778,-0.9208333566736258,-0.3494266936353778
1.0,0.0,-0.23960909351634513,0.3780976991558609,-0.7603909064836549,-0.3780976991558609
1.0,0.0,-0.3670715967933609,0.6207578951993482,-0.6329284032066391,-0.6207578951993482
1.0,0.0,-0.20335751002434072,0.33542033025107515,-0.7966424899756592,-0.33542033025107515
1.0,0.0,-0.29951471789781725,0.24210629234085915,-0.7004852821021827,-0.24210629234085915
1.0,0.0,-0.1684098822693607,0.21494103847072416,-0.8315901177306393,-0.21494103847072416
1.0,0.0,-0.21107534355976826,0.13880526041555444,-0.7889246564402317,-0.13880526041555444
1.0,0.0,-0.32421613948983313,0.9422883077140952,-0.6757838605101669,-0.9422883077140952
1.0,0.0,-0.18315030391811693,0.08449032764886476,-0.8168496960818831,-0.08449032764886476
1.0,0.0,-0.12718802179105637,0.0034394280953967214,-0.8728119782089436,-0.0034394280953967214
1.0,0.0,-0.3769895369185199,0.1327733276075686,-0.6230104630814801,-0.1327733276075686
1.0,0.0,-0.21124249882057566,0.0471420905465131,-0.7887575011794243,-0.0471420905465131
1.0,0.0,-0.04813300530267768,0.11540375382414006,-0.9518669946973223,-0.11540375382414006
1.0,0.0,-0.14676367059622158,0.12779223787586738,-0.8532363294037784,-0.12779223787586738
1.0,0.0,-0.10975542940935121,0.19796196655997061,-0.8902445705906488,-0.19796196655997061
1.0,0.0,-0.14562193058553075,0.09345802031047079,-0.8543780694144693,-0.09345802031047079
1.0,0.0,-0.09185595463547173,0.591646882166265,-0.9081440453645283,-0.591646882166265
1.0,0.0,-0.220189980200116,0.050869208288564914,-0.7798100197998841,-0.050869208288564914
1.0,0.0,-0.19122063355701197,0.42441767004495196,-0.8087793664429881,-0.42441767004495196
1.0,0.0,-0.03353498264555381,0.2789655724919051,-0.9664650173544462,-0.2789655724919051
1.0,0.0,-0.11012707371497871,0.18551689701136112,-0.8898729262850213,-0.18551689701136112
1.0,0.0,-0.015295882797327883,0.42935645582451726,-0.9847041172026721,-0.42935645582451726
1.0,0.0,-0.0010189612761121705,0.036358100470669154,-0.9989810387238879,-0.036358100470669154
1.0,0.0,-0.08492899717949604,0.0607082375710666,-0.915071002820504,-0.0607082375710666
1.0,0.0,-0.05030863904291958,0.5285527344008153,-0.9496913609570804,-0.5285527344008153
1.0,0.0,-0.13876023698639173,0.009341658574759524,-0.8612397630136083,-0.009341658574759524
1.0,0.0,-0.015476941530617542,0.044789263136015556,-0.9845230584693825,-0.044789263136015556
1.0,0.0,-0.24049979172598765,0.5869165905003564,-0.7595002082740123,-0.5869165905003564
1.0,0.0,-0.00019189532826910282,0.026702724305045743,-0.9998081046717309,-0.026702724305045743
1.0,0.0,-0.4302080814953031,0.4442669261794137,-0.5697919185046969,-0.4442669261794137
1.0,0.0,-0.1190936778119345,0.2164340592468562,-0.8809063221880655,-0.2164340592468562
1.0,0.0,-0.16581768274700764,0.17676975625578842,-0.8341823172529923,-0.17676975625578842
1.0,0.0,-0.1043490405562505,0.35261004297633947,-0.8956509594437495,-0.35261004297633947
1.0,0.0,-0.31258985497883524,0.2775589447524062,-0.6874101450211647,-0.2775589447524062
1.0,0.0,-0.26421558561827885,0.8658209592671384,-0.7357844143817212,-0.8658209592671384
1.0,0.0,-0.16092067013671063,0.25304425911326034,-0.8390793298632894,-0.25304425911326034
1.0,0.0,-0.19170277899245136,0.27119899293595884,-0.8082972210075486,-0.27119899293595884
1.0,0.0,-0.09510035548210655,0.032638384152368416,-0.9048996445178934,-0.032638384152368416
1.0,0.0,-0.4171982725427556,0.5527769207070353,-0.5828017274572443,-0.5527769207070353
1.0,0.0,-0.010983010256082506,0.4385365980190961,-0.9890169897439175,-0.4385365980190961
1.0,0.0,-0.08628026945157613,0.10882051378217232,-0.9137197305484239,-0.10882051378217232
1.0,0.0,-0.03846233767716706,0.07396224373507912,-0.9615376623228329,-0.07396224373507912
1.0,0.0,-0.03995182821338725,0.206633334010816,-0.9600481717866127,-0.206633334010816
1.0,0.0,-0.10808026153996375,0.22796110039812495,-0.8919197384600362,-0.22796110039812495
1.0,0.0,-0.05099186085439119,0.2221521731571987,-0.9490081391456088,-0.2221521731571987
1.0,0.0,-0.43794483526409633,0.6722897422251316,-0.5620551647359037,-0.6722897422251316
1.0,0.0,-0.3297842098410942,0.6252627901442595,-0.6702157901589059,-0.6252627901442595
1.0,0.0,-0.17579576920538598,0.2803682052331193,-0.824204230794614,-0.2803682052331193
1.0,0.0,-0.04836544521324804,0.06936409190749648,-0.951634554786752,-0.06936409190749648
1.0,0.0,-0.2634769678104902,0.48148134669545284,-0.7365230321895098,-0.48148134669545284
1.0,0.0,-0.21514334291791198,0.18186377108142376,-0.7848566570820881,-0.18186377108142376
1.0,0.0,-0.02948704321758816,0.009208716607686214,-0.9705129567824118,-0.009208716607686214
1.0,0.0,-0.1655197101930142,0.25700135385567213,-0.8344802898069859,-0.25700135385567213
1.0,0.0,-0.019295638070933763,0.02376559992405313,-0.9807043619290663,-0.02376559992405313
1.0,0.0,-0.13970413834191847,0.109304586764812,-0.8602958616580816,-0.109304586764812
1.0,0.0,-0.2164425971373063,0.37313002037206255,-0.7835574028626937,-0.37313002037206255
1.0,0.0,-0.4764433608254711,0.03635437777600475,-0.5235566391745289,-0.03635437777600475
1.0,0.0,-0.16856246088560717,0.009086738439198503,-0.8314375391143929,-0.009086738439198503
1.0,0.0,-0.15113674471998406,0.0832549023285415,-0.8488632552800159,-0.0832549023285415
1.0,0.0,-0.3850384021175255,0.058499477710370104,-0.6149615978824745,-0.058499477710370104
1.0,0.0,-0.37275504684833227,0.5294614936376737,-0.6272449531516677,-0.5294614936376737
1.0,0.0,-0.384297222123118,0.4066773885870251,-0.615702777876882,-0.4066773885870251
1.0,0.0,-0.40364493175991445,0.11978428229012304,-0.5963550682400856,-0.11978428229012304
1.0,0.0,-0.24367735915761907,0.24012985686247765,-0.7563226408423809,-0.24012985686247765
1.0,0.0,-0.08239099802678412,0.4064415386488702,-0.9176090019732159,-0.4064415386488702
1.0,0.0,-0.0043258775049637615,0.017077478915375366,-0.9956741224950363,-0.017077478915375366
1.0,0.0,-0.2787703966701196,0.29414484477723213,-0.7212296033298804,-0.29414484477723213
1.0,0.0,-0.26923614386394684,0.4416264810048427,-0.7307638561360532,-0.4416264810048427
1.0,0.0,-0.4452933295166754,0.768255495760519,-0.5547066704833246,-0.768255495760519
1.0,0.0,-0.28254452022944915,0.2003716260652775,-0.7174554797705508,-0.2003716260652775
1.0,0.0,-0.10100985369785202,0.21991041924437396,-0.898990146302148,-0.21991041924437396
1.0,0.0,-0.027033932389386364,0.3502890048730148,-0.9729660676106137,-0.3502890048730148
1.0,0.0,-0.06926752225318969,0.6941088831324488,-0.9307324777468103,-0.6941088831324488
1.0,0.0,-0.4747215914345448,0.010261415182261629,-0.5252784085654552,-0.010261415182261629
1.0,0.0,-0.30643229711345243,0.463022101614935,-0.6935677028865476,-0.463022101614935
1.0,0.0,-0.223325741068169,0.8175278896287068,-0.776674258931831,-0.8175278896287068
1.0,0.0,-0.13021673052369864,0.0400190677235069,-0.8697832694763014,-0.0400190677235069
1.0,0.0,-0.47695872720531324,0.05122225990003194,-0.5230412727946867,-0.05122225990003194
1.0,0.0,-0.04662661258175877,0.9178142157024723,-0.9533733874182412,-0.9178142157024723
1.0,0.0,-0.0845179035226613,0.18488156937642994,-0.9154820964773387,-0.18488156937642994
1.0,0.0,-0.48316052430125944,0.7641618436524046,-0.5168394756987406,-0.7641618436524046
1.0,0.0,-0.31154973359297605,0.4361675268027548,-0.688450266407024,-0.4361675268027548
1.0,0.0,-0.08748405320628805,0.76063588572278,-0.912515946793712,-0.76063588572278
1.0,0.0,-0.38804545635149174,0.043867328097890526,-0.6119545436485083,-0.043867328097890526
1.0,0.0,-0.07717192187959077,0.131577346862714,-0.9228280781204092,-0.131577346862714
1.0,0.0,-0.1833723834791307,0.054562564452441446,-0.8166276165208692,-0.054562564452441446
1.0,0.0,-0.4989175748634357,0.7257089066060846,-0.5010824251365643,-0.7257089066060846
1.0,0.0,-0.15937034916880793,0.724788382808453,-0.8406296508311921,-0.724788382808453
1.0,0.0,-0.22081168134911427,0.14120029712377374,-0.7791883186508857,-0.14120029712377374
1.0,0.0,-0.1101013707055536,0.6509292065924825,-0.8898986292944464,-0.6509292065924825
1.0,0.0,-0.02406131987157306,0.032454022121109705,-0.9759386801284269,-0.032454022121109705
1.0,0.0,-0.4309557688072532,0.5620111993618246,-0.5690442311927468,-0.5620111993618246
1.0,0.0,-0.128932203450551,0.1405501460262746,-0.871067796549449,-0.1405501460262746
1.0,0.0,-0.41118237450853595,0.17692591812279046,-0.5888176254914641,-0.17692591812279046
1.0,0.0,-0.006133186613131094,0.05944498791765967,-0.9938668133868689,-0.05944498791765967
1.0,0.0,-0.20000697731198347,0.13646182874610216,-0.7999930226880165,-0.13646182874610216
1.0,0.0,-0.22933410893030454,0.3002054815987116,-0.7706658910696955,-0.3002054815987116
1.0,0.0,-0.41741824510608216,0.4351473043257853,-0.5825817548939178,-0.4351473043257853
1.0,0.0,-0.26271736942146273,0.4346124995164809,-0.7372826305785373,-0.4346124995164809
1.0,0.0,-0.01209691661420493,0.021276973930728395,-0.987903083385795,-0.021276973930728395
1.0,0.0,-0.3169295013689425,0.41688799166405754,-0.6830704986310575,-0.41688799166405754
1.0,0.0,-0.47322407277366263,0.10336031844872748,-0.5267759272263374,-0.10336031844872748
1.0,0.0,-0.2113104720187754,0.5032292118450886,-0.7886895279812246,-0.5032292118450886
1.0,0.0,-0.3062682976887033,0.19557630814304558,-0.6937317023112968,-0.19557630814304558
1.0,0.0,-0.3449220643787512,0.4778863375550746,-0.6550779356212488,-0.4778863375550746
1.0,0.0,-0.00760353911002707,0.6244780867664655,-0.9923964608899729,-0.6244780867664655
1.0,0.0,-0.23449152482362834,0.17379406960362892,-0.7655084751763717,-0.17379406960362892
1.0,0.0,-0.18845745880288756,0.22195599013556222,-0.8115425411971124,-0.22195599013556222
1.0,0.0,-0.10861368637584497,0.2283574468032959,-0.891386313624155,-0.2283574468032959
1.0,0.0,-0.07233769026226167,0.03576040408384383,-0.9276623097377383,-0.03576040408384383
1.0,0.0,-0.339374631299251,0.2085367786767216,-0.6606253687007491,-0.2085367786767216
1.0,0.0,-0.13056467506612496,0.21653120914882118,-0.8694353249338751,-0.21653120914882118
1.0,0.0,-0.34056798646080494,0.8513561328877943,-0.6594320135391951,-0.8513561328877943
1.0,0.0,-0.10552000189780102,0.24441600433990385,-0.894479998102199,-0.24441600433990385
1.0,0.0,-0.21708801548198886,0.204526525750709,-0.7829119845180111,-0.204526525750709
1.0,0.0,-0.056440870930866006,0.5833179158085372,-0.943559129069134,-0.5833179158085372
1.0,0.0,-0.13464681710846393,0.15987650210438545,-0.8653531828915361,-0.15987650210438545
1.0,0.0,-0.20446535214360495,0.2234206716339345,-0.795534647856395,-0.2234206716339345
1.0,0.0,-0.3709282379592145,0.41750741020716065,-0.6290717620407855,-0.41750741020716065
1.0,0.0,-0.1996853771122069,0.3142322784204186,-0.8003146228877931,-0.3142322784204186
1.0,0.0,-0.198534027069052,0.12479562443075048,-0.801465972930948,-0.12479562443075048
1.0,0.0,-0.05163807647091989,0.08718907878630461,-0.9483619235290801,-0.08718907878630461
1.0,0.0,-0.2707871176861468,0.05213032242174546,-0.7292128823138532,-0.05213032242174546
1.0,0.0,-0.49069822836025145,0.2890941085965511,-0.5093017716397485,-0.2890941085965511
1.0,0.0,-0.025812858075695333,0.07413675563429716,-0.9741871419243047,-0.07413675563429716
1.0,0.0,-0.013749320164690016,0.11671269070004063,-0.98625067983531,-0.11671269070004063
1.0,0.0,-0.1496114074728943,0.09849429802513879,-0.8503885925271057,-0.09849429802513879
1.0,0.0,-0.43681287155234605,0.314488225198223,-0.563187128447654,-0.314488225198223
1.0,0.0,-0.015611706496151845,0.017767984209776527,-0.9843882935038482,-0.017767984209776527
1.0,0.0,-0.4153792903783237,0.1852520290382205,-0.5846207096216762,-0.1852520290382205
1.0,0.0,-0.3985083246296776,0.00436999862776339,-0.6014916753703223,-0.00436999862776339
1.0,0.0,-0.00864876166458306,0.006857412113555277,-0.9913512383354169,-0.006857412113555277
1.0,0.0,-0.4452031932104963,0.38917557302967576,-0.5547968067895037,-0.38917557302967576
1.0,0.0,-0.2694859008491775,0.012296657813333828,-0.7305140991508225,-0.012296657813333828
1.0,0.0,-0.07795356945389181,0.07946090333118833,-0.9220464305461082,-0.07946090333118833
1.0,0.0,-0.2441369852831029,0.2886192235068465,-0.7558630147168971,-0.2886192235068465
1.0,0.0,-0.4272117637337156,0.15746553098163554,-0.5727882362662844,-0.15746553098163554
1.0,0.0,-0.07017906192982917,0.5152969819386205,-0.9298209380701709,-0.5152969819386205
1.0,0.0,-0.299828450537259,0.5075464710766555,-0.700171549462741,-0.5075464710766555
1.0,0.0,-0.24252481893728367,0.25784206067582577,-0.7574751810627163,-0.25784206067582577
1.0,0.0,-0.3455447116982414,0.18608762583618116,-0.6544552883017586,-0.18608762583618116
1.0,0.0,-0.0516955190005834,0.42151159178729913,-0.9483044809994166,-0.42151159178729913
1.0,0.0,-0.41105144276812783,0.682058884831589,-0.5889485572318722,-0.682058884831589
1.0,0.0,-0.4760961211319233,0.3241624160246253,-0.5239038788680768,-0.3241624160246253
1.0,0.0,-0.41850771707523726,0.2940708281142279,-0.5814922829247627,-0.2940708281142279
1.0,0.0,-0.27531004221657035,0.06958841406078019,-0.7246899577834296,-0.06958841406078019
1.0,0.0,-0.06833731206786735,0.14343727760576713,-0.9316626879321327,-0.14343727760576713
1.0,0.0,-0.3454622231721764,0.3189895882055139,-0.6545377768278235,-0.3189895882055139
1.0,0.0,-0.10285461199599334,0.36190738227501884,-0.8971453880040067,-0.36190738227501884
1.0,0.0,-0.2963747075971745,0.7296634746939363,-0.7036252924028255,-0.7296634746939363
1.0,0.0,-0.28724775053588714,0.08085121384740629,-0.7127522494641129,-0.08085121384740629
1.0,0.0,-0.04608005933683306,0.20286130671508243,-0.953919940663167,-0.20286130671508243
1.0,0.0,-0.17787697854700063,0.230920438542444,-0.8221230214529993,-0.230920438542444
1.0,0.0,-0.04355180115939199,0.08392904442081592,-0.956448198840608,-0.08392904442081592
1.0,0.0,-0.06726901947642172,0.07663865986007527,-0.9327309805235783,-0.07663865986007527
1.0,0.0,-0.18607458002216745,0.4592056788240478,-0.8139254199778325,-0.4592056788240478
1.0,0.0,-0.11568987665936098,0.19650318962566382,-0.884310123340639,-0.19650318962566382
1.0,0.0,-0.007794715990279781,0.18109527010976212,-0.9922052840097202,-0.18109527010976212
1.0,0.0,-0.06508817240869602,0.04131608099754685,-0.934911827591304,-0.04131608099754685
1.0,0.0,-0.45133524798515845,0.08424067415573436,-0.5486647520148416,-0.08424067415573436
1.0,0.0,-0.3246746104312623,0.5447725047756161,-0.6753253895687377,-0.5447725047756161
1.0,0.0,-0.00031474757153493384,0.0022314486954095147,-0.9996852524284651,-0.0022314486954095147
1.0,0.0,-0.02246325673973991,0.06287912005515446,-0.9775367432602601,-0.06287912005515446
1.0,0.0,-0.10081266800393336,0.2236696785270458,-0.8991873319960666,-0.2236696785270458
1.0,0.0,-0.026730000238536073,0.3763418875137405,-0.9732699997614639,-0.3763418875137405
1.0,0.0,-0.0153933765923065,0.09154415166867062,-0.9846066234076934,-0.09154415166867062
1.0,0.0,-0.39562028126161347,0.26758594611607256,-0.6043797187383866,-0.26758594611607256
1.0,0.0,-0.019926184012274584,0.029510150913471207,-0.9800738159877254,-0.029510150913471207
1.0,0.0,-0.3247001430062192,0.49750036523517543,-0.6752998569937808,-0.49750036523517543
1.0,0.0,-0.2130047352503208,0.7303144501467758,-0.7869952647496792,-0.7303144501467758
1.0,0.0,-0.057897335971948516,0.09580830742573082,-0.9421026640280514,-0.09580830742573082
1.0,0.0,-0.016428866983386924,0.146625360101083,-0.983571133016613,-0.146625360101083
1.0,0.0,-0.48890990288386377,0.049537163024673356,-0.5110900971161363,-0.049537163024673356
1.0,0.0,-0.20028535209635268,0.1591386716470641,-0.7997146479036473,-0.1591386716470641
1.0,0.0,-0.0038376026075883003,0.46219282320323407,-0.9961623973924117,-0.46219282320323407
1.0,0.0,-0.31008282621964794,0.13825729618561325,-0.689917173780352,-0.13825729618561325
1.0,0.0,-0.20201744238309816,0.2930581873096657,-0.7979825576169018,-0.2930581873096657
1.0,0.0,-0.04995159863057318,0.359846344759496,-0.9500484013694268,-0.359846344759496
1.0,0.0,-0.3499348057015016,0.6092664831893241,-0.6500651942984984,-0.6092664831893241
1.0,0.0,-0.37933054199307764,0.3624116638705166,-0.6206694580069223,-0.3624116638705166
1.0,0.0,-0.09026538610433324,0.8100261730755319,-0.9097346138956668,-0.8100261730755319
1.0,0.0,-0.3308052702845615,0.7502550598065933,-0.6691947297154385,-0.7502550598065933
1.0,0.0,-0.25643458214555137,0.28426499957178747,-0.7435654178544486,-0.28426499957178747
1.0,0.0,-0.2833721742780903,0.7690385711524392,-0.7166278257219096,-0.7690385711524392
1.0,0.0,-0.15566020698860075,0.6529654529755363,-0.8443397930113993,-0.6529654529755363
1.0,0.0,-0.35603310004824446,0.45038824503902264,-0.6439668999517556,-0.45038824503902264
1.0,0.0,-0.24074021070335705,0.03354146042123506,-0.759259789296643,-0.03354146042123506
1.0,0.0,-0.17434131552408205,0.2751201060072346,-0.825658684475918,-0.2751201060072346
1.0,0.0,-0.11050746731771162,0.3263661687261199,-0.8894925326822883,-0.3263661687261199
1.0,0.0,-0.023287088589996716,0.41643174356356977,-0.9767129114100033,-0.41643174356356977
1.0,0.0,-0.009943938256279039,0.0011348401901606464,-0.990056061743721,-0.0011348401901606464
1.0,0.0,-0.2681467012664614,0.6905484818206505,-0.7318532987335387,-0.6905484818206505
1.0,0.0,-0.0025532232889815543,0.004287236053604066,-0.9974467767110184,-0.004287236053604066
1.0,0.0,-0.0885646410874094,0.15405315460959046,-0.9114353589125906,-0.15405315460959046
1.0,0.0,-0.06619013260545686,0.041772800316301574,-0.9338098673945432,-0.041772800316301574
1.0,0.0,-0.45138481836787153,0.3567721020078703,-0.5486151816321285,-0.3567721020078703
1.0,0.0,-0.19163131565854777,0.8498315464668097,-0.8083686843414523,-0.8498315464668097
1.0,0.0,-0.1549374997543677,0.22610734709622113,-0.8450625002456322,-0.22610734709622113
1.0,0.0,-0.2119355615903521,0.34968845154452605,-0.7880644384096479,-0.34968845154452605
1.0,0.0,-0.4529029580688437,0.3757670977469618,-0.5470970419311563,-0.3757670977469618
1.0,0.0,-0.20538462962853507,0.6349237572414762,-0.7946153703714649,-0.6349237572414762
1.0,0.0,-0.1308134659661665,0.03502214072686003,-0.8691865340338335,-0.03502214072686003
1.0,0.0,-0.14772060676855187,0.2744566733933584,-0.8522793932314481,-0.2744566733933584
1.0,0.0,-0.0857162431632072,0.09437825119055582,-0.9142837568367927,-0.09437825119055582
1.0,0.0,-0.40295106238650447,0.5151855801993067,-0.5970489376134955,-0.5151855801993067
1.0,0.0,-0.25246081235695317,0.6568634075881077,-0.7475391876430468,-0.6568634075881077
1.0,0.0,-0.07490146548283452,0.5676752683077603,-0.9250985345171655,-0.5676752683077603
1.0,0.0,-0.18698716428860634,0.039286785931786326,-0.8130128357113937,-0.039286785931786326
1.0,0.0,-0.28041084284045087,0.322669187033957,-0.7195891571595492,-0.322669187033957
1.0,0.0,-0.18403862139464494,0.02955540129607461,-0.815961378605355,-0.02955540129607461
1.0,0.0,-0.4206065778701405,0.06304086199567459,-0.5793934221298596,-0.06304086199567459
1.0,0.0,-0.20625714506229592,0.19076808360245048,-0.7937428549377041,-0.19076808360245048
1.0,0.0,-0.32974219061373267,0.5643765094851316,-0.6702578093862673,-0.5643765094851316
1.0,0.0,-0.26065324168388565,0.2640756845788751,-0.7393467583161144,-0.2640756845788751
1.0,0.0,-0.07519208809115613,0.12022329198122077,-0.9248079119088439,-0.12022329198122077
1.0,0.0,-0.15295209500005919,0.6484568906413757,-0.8470479049999409,-0.6484568906413757
1.0,0.0,-0.40490064101158285,0.6224591363672494,-0.5950993589884171,-0.6224591363672494
1.0,0.0,-0.02687872243620444,0.49597414660670636,-0.9731212775637955,-0.49597414660670636
1.0,0.0,-0.018118296941420475,0.013895323990326296,-0.9818817030585796,-0.013895323990326296
1.0,0.0,-0.4919349742609989,0.5545715654651987,-0.5080650257390011,-0.5545715654651987
1.0,0.0,-0.09806903115668163,0.8335537144812544,-0.9019309688433184,-0.8335537144812544
1.0,0.0,-0.06572197159077674,0.18722826379319843,-0.9342780284092232,-0.18722826379319843
1.0,0.0,-0.07629115154448046,0.05181807855427973,-0.9237088484555196,-0.05181807855427973
1.0,0.0,-0.037910696245711306,0.5325745639733435,-0.9620893037542887,-0.5325745639733435
1.0,0.0,-0.10693229437964974,0.14763136941551033,-0.8930677056203502,-0.14763136941551033
1.0,0.0,-0.4152304346797787,0.6023726620869347,-0.5847695653202213,-0.6023726620869347
1.0,0.0,-0.017657176532258925,0.06771455307434536,-0.982342823467741,-0.06771455307434536
1.0,0.0,-0.2669497573874405,0.8260419802923549,-0.7330502426125596,-0.8260419802923549
1.0,0.0,-0.07729795602571848,0.039737046243194324,-0.9227020439742815,-0.039737046243194324
1.0,0.0,-0.47097840599142515,0.4148349957326364,-0.5290215940085748,-0.4148349957326364
1.0,0.0,-0.1097451767020679,0.780241051162126,-0.8902548232979322,-0.780241051162126
1.0,0.0,-0.11803696182236423,0.2502492985684799,-0.8819630381776358,-0.2502492985684799
1.0,0.0,-0.2576898910756504,0.21282918299426373,-0.7423101089243496,-0.21282918299426373
1.0,0.0,-0.2517251098968535,0.8883648960177213,-0.7482748901031465,-0.8883648960177213
1.0,0.0,-0.21693633956683667,0.15476875673918777,-0.7830636604331633,-0.15476875673918777
1.0,0.0,-0.3676489961009161,0.40878320289711484,-0.6323510038990838,-0.40878320289711484
1.0,0.0,-0.031187510699264454,0.40814491768916605,-0.9688124893007355,-0.40814491768916605
1.0,0.0,-0.11011228226057862,0.07643715717849889,-0.8898877177394213,-0.07643715717849889
1.0,0.0,-0.4793825677719552,0.4711314752635533,-0.5206174322280448,-0.4711314752635533
1.0,0.0,-0.06373017945354179,0.21897973234193394,-0.9362698205464582,-0.21897973234193394
1.0,0.0,-0.00011584477801024291,0.011240234247407645,-0.9998841552219898,-0.011240234247407645
1.0,0.0,-0.07493554092699806,0.05516139518655166,-0.9250644590730019,-0.05516139518655166
1.0,0.0,-0.4712438701778574,0.7300297603497053,-0.5287561298221426,-0.7300297603497053
1.0,0.0,-0.31114751676006247,0.553390954817451,-0.6888524832399375,-0.553390954817451
1.0,0.0,-0.06210468412350384,0.004029208264646724,-0.9378953158764962,-0.004029208264646724
1.0,0.0,-0.11163129120904436,0.13606865006368457,-0.8883687087909556,-0.13606865006368457
1.0,0.0,-0.05927229539100652,0.11393585286638892,-0.9407277046089935,-0.11393585286638892
1.0,0.0,-0.018506089325985048,0.5675486796215795,-0.9814939106740149,-0.5675486796215795
1.0,0.0,-0.014274577954915414,0.09448537674277584,-0.9857254220450846,-0.09448537674277584
1.0,0.0,-0.42706734740952096,0.2276637783701804,-0.572932652590479,-0.2276637783701804
1.0,0.0,-0.2639762450742595,0.9293473048989337,-0.7360237549257405,-0.9293473048989337
1.0,0.0,-0.007968564692742737,0.12725251605403226,-0.9920314353072572,-0.12725251605403226
1.0,0.0,-0.1978390324562458,0.24237719070110414,-0.8021609675437542,-0.24237719070110414
1.0,0.0,-0.013906501012885153,0.012706751118339093,-0.9860934989871148,-0.012706751118339093
1.0,0.0,-0.214293937587282,0.19634115327590226,-0.785706062412718,-0.19634115327590226
1.0,0.0,-0.01542770690847286,0.14871745266371691,-0.9845722930915272,-0.14871745266371691
1.0,0.0,-0.3074818212832714,0.14198912128967683,-0.6925181787167286,-0.14198912128967683
1.0,0.0,-0.4582073416799148,0.5614422957294717,-0.5417926583200852,-0.5614422957294717
1.0,0.0,-0.36340205803180287,0.8736767946228255,-0.6365979419681971,-0.8736767946228255
1.0,0.0,-0.4160684257318062,0.08486609145214405,-0.5839315742681939,-0.08486609145214405
1.0,0.0,-0.11359702948615968,0.149462281023324,-0.8864029705138403,-0.149462281023324
1.0,0.0,-0.06161306465326491,0.9284089832148632,-0.9383869353467351,-0.9284089832148632
1.0,0.0,-0.1770439066132522,0.20266255811313827,-0.8229560933867478,-0.20266255811313827
1.0,0.0,-0.22038456370656928,0.3092761442304855,-0.7796154362934307,-0.3092761442304855
1.0,0.0,-0.2225992478585092,0.09388828544988198,-0.7774007521414907,-0.09388828544988198
1.0,0.0,-0.02908915861669842,0.049597355996890004,-0.9709108413833016,-0.049597355996890004
1.0,0.0,-0.3691082190432917,0.03627911852014341,-0.6308917809567083,-0.03627911852014341
1.0,0.0,-0.2873302807891077,0.6472142771611423,-0.7126697192108923,-0.6472142771611423
1.0,0.0,-0.14983482838179352,0.21963423711849617,-0.8501651716182065,-0.21963423711849617
1.0,0.0,-0.32034366196568087,0.5327218964669357,-0.6796563380343191,-0.5327218964669357
1.0,0.0,-0.03279689903875715,0.11787832177198816,-0.9672031009612428,-0.11787832177198816
1.0,0.0,-0.017219388906671518,0.001234903285987079,-0.9827806110933285,-0.001234903285987079
1.0,0.0,-0.20089463722535056,0.16569862098594768,-0.7991053627746494,-0.16569862098594768
1.0,0.0,-0.050997800858576844,0.29342533832749834,-0.9490021991414231,-0.29342533832749834
1.0,0.0,-0.40633765038460334,0.5933879188242651,-0.5936623496153967,-0.5933879188242651
1.0,0.0,-0.34321408639455425,0.15478161724237866,-0.6567859136054457,-0.15478161724237866
1.0,0.0,-0.025890441556387405,0.47948952219025515,-0.9741095584436126,-0.47948952219025515
1.0,0.0,-0.10810779185695985,0.05056716114661168,-0.8918922081430402,-0.05056716114661168
1.0,0.0,-0.25658626260742357,0.20170433035836544,-0.7434137373925764,-0.20170433035836544
1.0,0.0,-0.15306456231547907,0.3604941574666347,-0.846935437684521,-0.3604941574666347
1.0,0.0,-0.030266418691470676,0.04223555625007261,-0.9697335813085293,-0.04223555625007261
1.0,0.0,-0.13646606037876363,0.10802403471172707,-0.8635339396212364,-0.10802403471172707
1.0,0.0,-0.1637004387261397,0.04547313539267929,-0.8362995612738603,-0.04547313539267929
1.0,0.0,-0.4917345942828048,0.34161305958566685,-0.5082654057171951,-0.34161305958566685
1.0,0.0,-0.032505479008756555,0.04237382047240249,-0.9674945209912434,-0.04237382047240249
1.0,0.0,-0.02991226927030941,0.06301863740463051,-0.9700877307296906,-0.06301863740463051
1.0,0.0,-0.47572062406266136,0.8100920038724979,-0.5242793759373386,-0.8100920038724979
1.0,0.0,-0.1473483796773915,0.5540569499811656,-0.8526516203226084,-0.5540569499811656
1.0,0.0,-0.12489110685183524,0.10919180800473301,-0.8751088931481648,-0.10919180800473301
1.0,0.0,-0.31419981271007774,0.0997354095813018,-0.6858001872899222,-0.0997354095813018
1.0,0.0,-0.15180377306569845,0.8908545779946917,-0.8481962269343015,-0.8908545779946917
1.0,0.0,-0.1329332115237865,0.05690126235442241,-0.8670667884762135,-0.05690126235442241
1.0,0.0,-0.06263099380603693,0.07116575660754144,-0.937369006193963,-0.07116575660754144
1.0,0.0,-0.24990120024107187,0.5361470677688749,-0.7500987997589281,-0.5361470677688749
1.0,0.0,-0.08591880379432967,0.19445913989924155,-0.9140811962056703,-0.19445913989924155
1.0,0.0,-0.34201052811228766,0.46219679587318463,-0.6579894718877124,-0.46219679587318463
1.0,0.0,-0.22731567722900137,0.09933216501645689,-0.7726843227709986,-0.09933216501645689
1.0,0.0,-0.16568817154808485,0.3361862986178036,-0.8343118284519151,-0.3361862986178036
1.0,0.0,-0.37888846737734694,0.3346794291520404,-0.6211115326226531,-0.3346794291520404
1.0,0.0,-0.2950356121025762,0.31072395728845364,-0.7049643878974239,-0.31072395728845364
1.0,0.0,-0.018854918793677518,0.8635316531249013,-0.9811450812063225,-0.8635316531249013
1.0,0.0,-0.2765763385378613,0.2686414330781853,-0.7234236614621388,-0.2686414330781853
1.0,0.0,-0.4917703968283011,0.8160175543685229,-0.5082296031716989,-0.8160175543685229
1.0,0.0,-0.43857418757492894,0.2355495710146433,-0.5614258124250711,-0.2355495710146433
1.0,0.0,-0.05694142938847552,0.035796779410009506,-0.9430585706115244,-0.035796779410009506
1.0,0.0,-0.43444104749578477,0.3113766233196372,-0.5655589525042153,-0.3113766233196372
1.0,0.0,-0.4518468661498075,0.17051207572643623,-0.5481531338501925,-0.17051207572643623
1.0,0.0,-0.4972576916213799,0.8334519091022999,-0.5027423083786201,-0.8334519091022999
1.0,0.0,-0.03123134956999396,0.016161346971073687,-0.968768650430006,-0.016161346971073687
1.0,0.0,-0.1309644174700715,0.4847504914674742,-0.8690355825299285,-0.4847504914674742
1.0,0.0,-0.21345069234153063,0.16770922420854145,-0.7865493076584693,-0.16770922420854145
1.0,0.0,-0.10500033429182032,0.07432459901535426,-0.8949996657081797,-0.07432459901535426
1.0,0.0,-0.3789354895508399,0.6562142405667488,-0.6210645104491601,-0.6562142405667488
1.0,0.0,-0.2720368831402188,0.07906487947395434,-0.7279631168597812,-0.07906487947395434
1.0,0.0,-0.19246842574605305,0.169654675058184,-0.807531574253947,-0.169654675058184
1.0,0.0,-0.04405312278016073,0.22472701517707713,-0.9559468772198393,-0.22472701517707713
1.0,0.0,-0.16022731308374308,0.4950901666936802,-0.839772686916257,-0.4950901666936802
1.0,0.0,-0.05248514167808375,0.9119325132691526,-0.9475148583219163,-0.9119325132691526
1.0,0.0,-0.17105647389422743,0.34368415118179063,-0.8289435261057726,-0.34368415118179063
1.0,0.0,-0.3495445496278654,0.17591352656967427,-0.6504554503721346,-0.17591352656967427
1.0,0.0,-0.1265615803729066,0.21591840120685246,-0.8734384196270935,-0.21591840120685246
1.0,0.0,-0.459147917681321,0.713395307647822,-0.540852082318679,-0.713395307647822
1.0,0.0,-0.08770757739905918,0.9102345618601455,-0.9122924226009408,-0.9102345618601455
1.0,0.0,-0.0267305357395487,0.040591722955360954,-0.9732694642604514,-0.040591722955360954
1.0,0.0,-0.2568239712641665,0.6328927351702851,-0.7431760287358335,-0.6328927351702851
1.0,0.0,-0.1766503294008444,0.051149575368037895,-0.8233496705991556,-0.051149575368037895
1.0,0.0,-0.19963219835665108,0.1977612282878637,-0.8003678016433489,-0.1977612282878637
1.0,0.0,-0.4229749655678031,0.6982457674961852,-0.5770250344321969,-0.6982457674961852
1.0,0.0,-0.134393678936313,0.09435170452190837,-0.8656063210636871,-0.09435170452190837
1.0,0.0,-0.14366066248855916,0.8645870030506129,-0.8563393375114409,-0.8645870030506129
1.0,0.0,-0.2752912596005624,0.5207774929321167,-0.7247087403994377,-0.5207774929321167
1.0,0.0,-0.19590761267275858,0.22725498588543308,-0.8040923873272414,-0.22725498588543308
1.0,0.0,-0.40680830830556464,0.45841321948698666,-0.5931916916944353,-0.45841321948698666
1.0,0.0,-0.07538056819043681,0.10900879085265269,-0.9246194318095632,-0.10900879085265269
1.0,0.0,-0.4569721274342712,0.35260078150949,-0.5430278725657288,-0.35260078150949
1.0,0.0,-0.039397383888922555,0.1469792035169954,-0.9606026161110774,-0.1469792035169954
1.0,0.0,-0.10969298892214262,0.360362546000895,-0.8903070110778574,-0.360362546000895
1.0,0.0,-0.48396739444408554,0.5134981619484147,-0.5160326055559145,-0.5134981619484147
1.0,0.0,-0.15661818090884405,0.8084261519553583,-0.843381819091156,-0.8084261519553583
1.0,0.0,-0.02321200531781586,0.1132807250269132,-0.9767879946821841,-0.1132807250269132
1.0,0.0,-0.2857340666581446,0.5048830934383743,-0.7142659333418554,-0.5048830934383743
1.0,0.0,-0.16426359683756714,0.033349626861619956,-0.8357364031624328,-0.033349626861619956
1.0,0.0,-0.44624985225829217,0.6465471430810961,-0.5537501477417078,-0.6465471430810961
1.0,0.0,-0.03341898442351407,0.44658399419585015,-0.9665810155764859,-0.44658399419585015
1.0,0.0,-0.11594723037682586,0.186731229684921,-0.8840527696231741,-0.186731229684921
1.0,0.0,-0.15606694266814106,0.6098483959681997,-0.843933057331859,-0.6098483959681997
1.0,0.0,-0.2789797692391753,0.5850268702924861,-0.7210202307608247,-0.5850268702924861
1.0,0.0,-0.45073310686292617,0.7750598006145127,-0.5492668931370739,-0.7750598006145127
1.0,0.0,-0.14244591630513387,0.1945799583600924,-0.8575540836948661,-0.1945799583600924
1.0,0.0,-0.3697200119730371,0.28333036753988233,-0.630279988026963,-0.28333036753988233
1.0,0.0,-0.12210451099856406,0.07203885461852581,-0.8778954890014359,-0.07203885461852581
1.0,0.0,-0.010275164819893469,0.04585638512528153,-0.9897248351801066,-0.04585638512528153
1.0,0.0,-0.17867426037407488,0.7216161858477013,-0.8213257396259251,-0.7216161858477013
1.0,0.0,-0.17966616606158947,0.30606313901418875,-0.8203338339384105,-0.30606313901418875
1.0,0.0,-0.31279633524867484,0.3179870004167792,-0.6872036647513251,-0.3179870004167792
1.0,0.0,-0.03376776621458303,0.2803761407236991,-0.966232233785417,-0.2803761407236991
1.0,0.0,-0.004480416839742485,0.003833299650291535,-0.9955195831602575,-0.003833299650291535
1.0,0.0,-0.04988767252735277,0.07674702683479726,-0.9501123274726473,-0.07674702683479726
1.0,0.0,-0.016840287022327427,0.005564360055175503,-0.9831597129776726,-0.005564360055175503
1.0,0.0,-0.05546785579445229,0.06754937119779188,-0.9445321442055477,-0.06754937119779188
1.0,0.0,-0.2996849447083619,0.4988710051688369,-0.7003150552916382,-0.4988710051688369
1.0,0.0,-0.1120758927416785,0.08350199155565027,-0.8879241072583215,-0.08350199155565027
1.0,0.0,-0.14662796102832742,0.23928776610990718,-0.8533720389716726,-0.23928776610990718
1.0,0.0,-0.01635281348992096,0.02316026526447199,-0.9836471865100791,-0.02316026526447199
1.0,0.0,-0.46411418037257474,0.6705649207704417,-0.5358858196274252,-0.6705649207704417
1.0,0.0,-0.136359558273566,0.3994879549412181,-0.8636404417264341,-0.3994879549412181
1.0,0.0,-0.3922137549929824,0.6791439762848415,-0.6077862450070176,-0.6791439762848415
1.0,0.0,-0.07696375090670142,0.3439001525352534,-0.9230362490932986,-0.3439001525352534
1.0,0.0,-0.00943383600426587,0.6371820236644334,-0.9905661639957342,-0.6371820236644334
1.0,0.0,-0.41791221560988334,0.6023018103004301,-0.5820877843901167,-0.6023018103004301
1.0,0.0,-0.04696716755228969,0.04868621474340887,-0.9530328324477103,-0.04868621474340887
1.0,0.0,-0.0003965618146963294,0.18212615797551815,-0.9996034381853036,-0.18212615797551815
1.0,0.0,-0.37472391468523025,0.6043345964973289,-0.6252760853147697,-0.6043345964973289
1.0,0.0,-0.0064903546540974735,0.16585697917940875,-0.9935096453459026,-0.16585697917940875
1.0,0.0,-0.4392568719290639,0.5209483101598862,-0.5607431280709361,-0.5209483101598862
1.0,0.0,-0.36432218770650343,0.9154392481749302,-0.6356778122934965,-0.9154392481749302
1.0,0.0,-0.09025190665058386,0.37628733989464996,-0.9097480933494162,-0.37628733989464996
1.0,0.0,-0.19673171894455305,0.5279284914957371,-0.803268281055447,-0.5279284914957371
1.0,0.0,-0.4129496265283036,0.29208625383676334,-0.5870503734716964,-0.29208625383676334
1.0,0.0,-0.42198584094409647,0.7068637824584154,-0.5780141590559036,-0.7068637824584154
1.0,0.0,-0.32966546579370004,0.057749975313669565,-0.6703345342063,-0.057749975313669565
1.0,0.0,-0.09027565332342874,0.02709865943729079,-0.9097243466765712,-0.02709865943729079
1.0,0.0,-0.1921388361107718,0.507833200487602,-0.8078611638892282,-0.507833200487602
1.0,0.0,-0.30936587348794703,0.3074979097682355,-0.690634126512053,-0.3074979097682355
1.0,0.0,-0.33403604682736565,0.8212152380343418,-0.6659639531726343,-0.8212152380343418
1.0,0.0,-0.0774794564035527,0.006196607821759995,-0.9225205435964473,-0.006196607821759995
1.0,0.0,-0.3207989441272752,0.5437951018432109,-0.6792010558727248,-0.5437951018432109
1.0,0.0,-0.08883824488125067,0.4048030516073336,-0.9111617551187493,-0.4048030516073336
1.0,0.0,-0.37179067584533226,0.3600653880896643,-0.6282093241546678,-0.3600653880896643
1.0,0.0,-0.4725731106880362,0.3048523941627501,-0.5274268893119638,-0.3048523941627501
1.0,0.0,-0.3965285477886408,0.32209974876403363,-0.6034714522113592,-0.32209974876403363
1.0,0.0,-0.41549374026917535,0.4164028946320396,-0.5845062597308246,-0.4164028946320396
1.0,0.0,-0.11385862710885336,0.45340619622771094,-0.8861413728911467,-0.45340619622771094
1.0,0.0,-0.16786700507252683,0.21751327111762386,-0.8321329949274732,-0.21751327111762386
1.0,0.0,-0.04178820443698139,0.05898218194832938,-0.9582117955630186,-0.05898218194832938
1.0,0.0,-0.010079704788382493,0.01274218810514932,-0.9899202952116175,-0.01274218810514932
1.0,0.0,-0.07987178689042503,0.30797867641771753,-0.9201282131095749,-0.30797867641771753
1.0,0.0,-0.2404295236261843,0.33837691135356457,-0.7595704763738157,-0.33837691135356457
1.0,0.0,-0.06426405674327257,0.10877285385733663,-0.9357359432567274,-0.10877285385733663
1.0,0.0,-0.36858044897106085,0.053157734647699496,-0.6314195510289391,-0.053157734647699496
1.0,0.0,-0.045461460372180455,0.22700482711471748,-0.9545385396278195,-0.22700482711471748
1.0,0.0,-0.24692248163004238,0.36862488094193646,-0.7530775183699576,-0.36862488094193646
1.0,0.0,-0.14028059410681032,0.10885209918199011,-0.8597194058931896,-0.10885209918199011
1.0,0.0,-0.3770991111652469,0.519969143576178,-0.6229008888347531,-0.519969143576178
1.0,0.0,-0.3106537664977703,0.38852279377633286,-0.6893462335022297,-0.38852279377633286
1.0,0.0,-0.43513188101658323,0.2584784767162168,-0.5648681189834168,-0.2584784767162168
1.0,0.0,-0.07398534825881321,0.5669215887283395,-0.9260146517411868,-0.5669215887283395
1.0,0.0,-0.49488658028195875,0.5456314650072678,-0.5051134197180412,-0.5456314650072678
1.0,0.0,-0.34326021939400647,0.25559944279063274,-0.6567397806059936,-0.25559944279063274
1.0,0.0,-0.33623665832084043,0.02052050954265854,-0.6637633416791595,-0.02052050954265854
1.0,0.0,-0.17094186665311567,0.2398924612024444,-0.8290581333468843,-0.2398924612024444
1.0,0.0,-0.43649278651977835,0.5180159843334937,-0.5635072134802217,-0.5180159843334937
1.0,0.0,-0.13017683990163087,0.17538623509540374,-0.8698231600983691,-0.17538623509540374
1.0,0.0,-0.06286638517211204,0.2541538547636069,-0.9371336148278879,-0.2541538547636069
1.0,0.0,-0.2345246343945787,0.40017228079690037,-0.7654753656054213,-0.40017228079690037
1.0,0.0,-0.17235841924336132,0.5955230192191105,-0.8276415807566386,-0.5955230192191105
1.0,0.0,-0.21977587687955497,0.341664702058055,-0.780224123120445,-0.341664702058055
1.0,0.0,-0.4302311747795869,0.46877503259017117,-0.5697688252204132,-0.46877503259017117
1.0,0.0,-0.020643517308471915,0.02673058212212755,-0.9793564826915281,-0.02673058212212755
1.0,0.0,-0.025292377254691134,0.02554332631360459,-0.9747076227453089,-0.02554332631360459
1.0,0.0,-0.31141778063784614,0.029090570123673526,-0.6885822193621538,-0.029090570123673526
1.0,0.0,-0.056833299773032975,0.03386085083406441,-0.943166700226967,-0.03386085083406441
1.0,0.0,-0.0862362470388159,0.4290042592327893,-0.9137637529611841,-0.4290042592327893
1.0,0.0,-0.06928488247046938,0.11361644710335941,-0.9307151175295306,-0.11361644710335941
1.0,0.0,-0.30874540449770826,0.10548685814936004,-0.6912545955022917,-0.10548685814936004
1.0,0.0,-0.21654047693507833,0.10458244068777045,-0.7834595230649217,-0.10458244068777045
1.0,0.0,-0.2590695866407829,0.26029692305295343,-0.7409304133592172,-0.26029692305295343
1.0,0.0,-0.10873619473330576,0.01805102834838322,-0.8912638052666942,-0.01805102834838322
1.0,0.0,-0.2351881202743472,0.2025353006895237,-0.7648118797256528,-0.2025353006895237
1.0,0.0,-0.3252253481105379,0.697179300485401,-0.6747746518894622,-0.697179300485401
1.0,0.0,-0.11884955718283452,0.19143425609230677,-0.8811504428171655,-0.19143425609230677
1.0,0.0,-0.3626534519627589,0.27819081335010853,-0.6373465480372411,-0.27819081335010853
1.0,0.0,-0.2538035279568067,0.1779985474688143,-0.7461964720431933,-0.1779985474688143
1.0,0.0,-0.29568788265065127,0.325767578212828,-0.7043121173493487,-0.325767578212828
1.0,0.0,-0.14776725565772225,0.2689103852659191,-0.8522327443422777,-0.2689103852659191
1.0,0.0,-0.43188698604889947,0.24974196625717102,-0.5681130139511006,-0.24974196625717102
1.0,0.0,-0.4081678273482981,0.6990924155579386,-0.591832172651702,-0.6990924155579386
1.0,0.0,-0.17912726984106292,0.6669435685038441,-0.8208727301589371,-0.6669435685038441
1.0,0.0,-0.04166733507420238,0.18474150491940922,-0.9583326649257976,-0.18474150491940922
1.0,0.0,-0.28430227384755885,0.34638255553993047,-0.7156977261524411,-0.34638255553993047
1.0,0.0,-0.06908960029658946,0.6266115713366636,-0.9309103997034105,-0.6266115713366636
1.0,0.0,-0.4252019270733577,0.48987064178980955,-0.5747980729266423,-0.48987064178980955
1.0,0.0,-0.2887639802428482,0.22520585651090083,-0.7112360197571518,-0.22520585651090083
1.0,0.0,-0.09481340216750084,0.1627678858745953,-0.9051865978324991,-0.1627678858745953
1.0,0.0,-0.45031666388911656,0.26791534736594835,-0.5496833361108835,-0.26791534736594835
1.0,0.0,-0.06302267139903225,0.19362177896389354,-0.9369773286009677,-0.19362177896389354
1.0,0.0,-0.2612422757988869,0.04177023082666691,-0.7387577242011131,-0.04177023082666691
1.0,0.0,-0.14915389500753967,0.16164507592376273,-0.8508461049924603,-0.16164507592376273
1.0,0.0,-0.029304256102139215,0.0046304377336968605,-0.9706957438978607,-0.0046304377336968605
1.0,0.0,-0.04400355788072848,0.5411964967751578,-0.9559964421192715,-0.5411964967751578
1.0,0.0,-0.16395097754952281,0.03511263140542164,-0.8360490224504772,-0.03511263140542164
1.0,0.0,-0.3292566932383414,0.8322277169765482,-0.6707433067616586,-0.8322277169765482
1.0,0.0,-0.2340761282781641,0.019712601691942926,-0.765923871721836,-0.019712601691942926
1.0,0.0,-0.02364333368557603,0.006442263032305647,-0.976356666314424,-0.006442263032305647
1.0,0.0,-0.2419912661648492,0.9189352916381728,-0.7580087338351508,-0.9189352916381728
1.0,0.0,-0.22957106760819657,0.22982875486384297,-0.7704289323918034,-0.22982875486384297
1.0,0.0,-0.09934483067451712,0.7954694416935911,-0.9006551693254828,-0.7954694416935911
1.0,0.0,-0.04289001313817087,0.07454190615447716,-0.9571099868618291,-0.07454190615447716
1.0,0.0,-0.14409291048540743,0.2665412449735945,-0.8559070895145926,-0.2665412449735945
1.0,0.0,-0.36344131369379523,0.4674157097275644,-0.6365586863062047,-0.4674157097275644
1.0,0.0,-0.04865296780385314,0.0583221905219201,-0.9513470321961468,-0.0583221905219201
1.0,0.0,-0.13993092652373035,0.2309933069057073,-0.8600690734762697,-0.2309933069057073
1.0,0.0,-0.2525730986106105,0.4298278989935805,-0.7474269013893895,-0.4298278989935805
1.0,0.0,-0.05608133786957161,0.3612366335797038,-0.9439186621304284,-0.3612366335797038
1.0,0.0,-0.0660825554932485,0.3025243263298955,-0.9339174445067515,-0.3025243263298955
1.0,0.0,-0.2534202427832846,0.5521675241309032,-0.7465797572167154,-0.5521675241309032
1.0,0.0,-0.34518115172997627,0.5504265665683947,-0.6548188482700237,-0.5504265665683947
1.0,0.0,-0.011947079260981971,0.20260992066104275,-0.9880529207390181,-0.20260992066104275
1.0,0.0,-0.3393321141529585,0.6901023100974043,-0.6606678858470415,-0.6901023100974043
1.0,0.0,-0.43260959200879096,0.7307285770898755,-0.5673904079912091,-0.7307285770898755
1.0,0.0,-0.48794810548788725,0.09210516680356683,-0.5120518945121127,-0.09210516680356683
1.0,0.0,-0.010741432170354132,0.3370728340487682,-0.9892585678296458,-0.3370728340487682
1.0,0.0,-0.2788174358264979,0.42374960023023683,-0.7211825641735021,-0.42374960023023683
1.0,0.0,-0.34794998751549283,0.6755433650969452,-0.6520500124845072,-0.6755433650969452
1.0,0.0,-0.4057761924700274,0.1870846393152301,-0.5942238075299726,-0.1870846393152301
1.0,0.0,-0.029267829088892812,0.06852536735701034,-0.9707321709111072,-0.06852536735701034
1.0,0.0,-0.17676650981116726,0.006649982947472138,-0.8232334901888327,-0.006649982947472138
1.0,0.0,-0.14825448842795386,0.05841357784242341,-0.8517455115720461,-0.05841357784242341
1.0,0.0,-0.18704781071402504,0.25833412033413256,-0.812952189285975,-0.25833412033413256
1.0,0.0,-0.11762950505899837,0.5388432293770984,-0.8823704949410016,-0.5388432293770984
1.0,0.0,-0.1994951248066248,0.28864572490604373,-0.8005048751933752,-0.28864572490604373
1.0,0.0,-0.38904424810771726,0.26925288889492327,-0.6109557518922828,-0.26925288889492327
1.0,0.0,-0.2997680725985616,0.48858628720695985,-0.7002319274014384,-0.48858628720695985
1.0,0.0,-0.0052689799602421705,0.007908254521233405,-0.9947310200397579,-0.007908254521233405
1.0,0.0,-0.38365494300509617,0.2753757373323443,-0.6163450569949038,-0.2753757373323443
1.0,0.0,-0.3466578393401852,0.650943621266362,-0.6533421606598149,-0.650943621266362
1.0,0.0,-0.17062719143947597,0.1863798774672523,-0.8293728085605241,-0.1863798774672523
1.0,0.0,-0.12965875883153272,0.09986858804149569,-0.8703412411684672,-0.09986858804149569
1.0,0.0,-0.037659709899821835,0.07531647021979526,-0.9623402901001782,-0.07531647021979526
1.0,0.0,-0.2027423819496213,0.21899860945496194,-0.7972576180503788,-0.21899860945496194
1.0,0.0,-0.49323153700759714,0.5969696458436401,-0.5067684629924029,-0.5969696458436401
1.0,0.0,-0.20599495936150813,0.2347108330856853,-0.7940050406384919,-0.2347108330856853
1.0,0.0,-0.15699995162168573,0.2316661060591604,-0.8430000483783142,-0.2316661060591604
1.0,0.0,-0.3061287807168878,0.0401884055273476,-0.6938712192831122,-0.0401884055273476
1.0,0.0,-0.252527561651126,0.3157975318574974,-0.747472438348874,-0.3157975318574974
1.0,0.0,-0.2533475257945841,0.23979363371339027,-0.7466524742054159,-0.23979363371339027
1.0,0.0,-0.034170906535053634,0.08237783974730802,-0.9658290934649464,-0.08237783974730802
1.0,0.0,-0.33001805321524674,0.5650295448059475,-0.6699819467847532,-0.5650295448059475
1.0,0.0,-0.02972760534987976,0.6325377531303124,-0.9702723946501203,-0.6325377531303124
1.0,0.0,-0.1640048063682789,0.8291160752478752,-0.8359951936317211,-0.8291160752478752
1.0,0.0,-0.0015001799877009693,0.006629449858917986,-0.998499820012299,-0.006629449858917986
1.0,0.0,-0.45962051549251004,0.3329507129307119,-0.54037948450749,-0.3329507129307119
1.0,0.0,-0.2898342619943406,0.009018339829230664,-0.7101657380056594,-0.009018339829230664
1.0,0.0,-0.3132274137498618,0.5210971450631917,-0.6867725862501382,-0.5210971450631917
1.0,0.0,-0.05336947702056227,0.02976141812878975,-0.9466305229794377,-0.02976141812878975
1.0,0.0,-0.3317313060837772,0.0015561350496160792,-0.6682686939162228,-0.0015561350496160792
1.0,0.0,-0.24923657935399574,0.10172152224174022,-0.7507634206460043,-0.10172152224174022
1.0,0.0,-0.4997342373206632,0.7099408156447133,-0.5002657626793368,-0.7099408156447133
1.0,0.0,-0.2758013790740738,0.04441681448335882,-0.7241986209259261,-0.04441681448335882
1.0,0.0,-0.25138842063911443,0.15752166497092443,-0.7486115793608856,-0.15752166497092443
1.0,0.0,-0.3000008816664158,0.1620221569167371,-0.6999991183335842,-0.1620221569167371
1.0,0.0,-0.4626241174679472,0.10026003448712247,-0.5373758825320528,-0.10026003448712247
1.0,0.0,-0.26282108125366865,0.5188928473898062,-0.7371789187463313,-0.5188928473898062
1.0,0.0,-0.26016578421634756,0.5691022584382043,-0.7398342157836524,-0.5691022584382043
1.0,0.0,-0.16786278187192888,0.18919408520398837,-0.8321372181280711,-0.18919408520398837
1.0,0.0,-0.14295397550181965,0.1256154877085524,-0.8570460244981803,-0.1256154877085524
1.0,0.0,-0.19723633838582028,0.12724013578603785,-0.8027636616141798,-0.12724013578603785
1.0,0.0,-0.078824720968574,0.16782946660711243,-0.921175279031426,-0.16782946660711243
1.0,0.0,-0.30627516006411803,0.4204053591705805,-0.693724839935882,-0.4204053591705805
1.0,0.0,-0.1185196022878634,0.27805599783687585,-0.8814803977121366,-0.27805599783687585
1.0,0.0,-0.12861531329160236,0.05179141125447601,-0.8713846867083976,-0.05179141125447601
1.0,0.0,-0.13238665953909856,0.008586470856557093,-0.8676133404609014,-0.008586470856557093
1.0,0.0,-0.19313497767531984,0.3050026408361802,-0.8068650223246802,-0.3050026408361802
1.0,0.0,-0.3952970110699301,0.7120208135915103,-0.6047029889300699,-0.7120208135915103
1.0,0.0,-0.050697966365717495,0.08467475142462265,-0.9493020336342826,-0.08467475142462265
1.0,0.0,-0.09751315919751696,0.6477571367111611,-0.9024868408024831,-0.6477571367111611
1.0,0.0,-0.2870455877029749,0.05941972913896722,-0.712954412297025,-0.05941972913896722
1.0,0.0,-0.2497171550290444,0.1930032343111701,-0.7502828449709555,-0.1930032343111701
1.0,0.0,-0.09103566453068523,0.008761539693118624,-0.9089643354693148,-0.008761539693118624
1.0,0.0,-0.014478753319599136,0.00018711828725061227,-0.9855212466804009,-0.00018711828725061227
1.0,0.0,-0.05696286474715384,0.6647725575580535,-0.9430371352528462,-0.6647725575580535
1.0,0.0,-0.26220307891707123,0.10995364351705302,-0.7377969210829287,-0.10995364351705302
1.0,0.0,-0.2546385699601048,0.2356338834600739,-0.7453614300398952,-0.2356338834600739
1.0,0.0,-0.30013873466137253,0.3503328816293542,-0.6998612653386275,-0.3503328816293542
1.0,0.0,-0.044603744451236396,0.11456347681871556,-0.9553962555487636,-0.11456347681871556
1.0,0.0,-0.012260856851046331,0.0012419918578624523,-0.9877391431489537,-0.0012419918578624523
1.0,0.0,-0.2840798345937766,0.22541232827512653,-0.7159201654062234,-0.22541232827512653
1.0,0.0,-0.08959509299958524,0.06360298193767547,-0.9104049070004148,-0.06360298193767547
1.0,0.0,-0.3568020049438046,0.2809687134246609,-0.6431979950561955,-0.2809687134246609
1.0,0.0,-0.022236269780285263,0.9477376178046459,-0.9777637302197147,-0.9477376178046459
1.0,0.0,-0.20022253725212563,0.04350312608593933,-0.7997774627478744,-0.04350312608593933
1.0,0.0,-0.2674324905410898,0.45985301906307763,-0.7325675094589101,-0.45985301906307763
1.0,0.0,-0.05649028634594244,0.07617128557918208,-0.9435097136540576,-0.07617128557918208
1.0,0.0,-0.10360346736553283,0.1567672506357192,-0.8963965326344672,-0.1567672506357192
1.0,0.0,-0.17981226506227038,0.22920558837911992,-0.8201877349377296,-0.22920558837911992
1.0,0.0,-0.18745687456444787,0.12557607437837368,-0.8125431254355522,-0.12557607437837368
1.0,0.0,-0.03606856405006553,0.0095953101622223,-0.9639314359499345,-0.0095953101622223
1.0,0.0,-0.1111691897037993,0.010626922574357241,-0.8888308102962007,-0.010626922574357241
1.0,0.0,-0.008023097099563226,0.0027450093818817745,-0.9919769029004368,-0.0027450093818817745
1.0,0.0,-0.023505470283102795,0.7518920109464196,-0.9764945297168972,-0.7518920109464196
1.0,0.0,-0.021338947538476982,0.016305675875091796,-0.978661052461523,-0.016305675875091796
1.0,0.0,-0.4077392008088503,0.09069562553342084,-0.5922607991911497,-0.09069562553342084
1.0,0.0,-0.06353500554087577,0.036006872607803955,-0.9364649944591242,-0.036006872607803955
1.0,0.0,-0.026918405317815294,0.10568274561250017,-0.9730815946821847,-0.10568274561250017
1.0,0.0,-0.06532151494436117,0.06778294608953335,-0.9346784850556389,-0.06778294608953335
1.0,0.0,-0.18761728627999885,0.24822566916317934,-0.8123827137200011,-0.24822566916317934
1.0,0.0,-0.40247270296214055,0.5241819708437713,-0.5975272970378595,-0.5241819708437713
1.0,0.0,-0.0032914204618668106,0.12517248087071214,-0.9967085795381332,-0.12517248087071214
1.0,0.0,-0.1938160070776676,0.09422100796061762,-0.8061839929223324,-0.09422100796061762
1.0,0.0,-0.050400961685771385,0.3705517215047367,-0.9495990383142286,-0.3705517215047367
1.0,0.0,-0.25790118837597015,0.10699321816892313,-0.7420988116240299,-0.10699321816892313
1.0,0.0,-0.25655868146456273,0.40442517238056264,-0.7434413185354373,-0.40442517238056264
1.0,0.0,-0.24074005664447537,0.5908040932757731,-0.7592599433555246,-0.5908040932757731
1.0,0.0,-0.4057654004235931,0.13008740974383148,-0.5942345995764069,-0.13008740974383148
1.0,0.0,-0.2607243064162235,0.4771736326322898,-0.7392756935837765,-0.4771736326322898
1.0,0.0,-0.07079738281912001,0.08528380968332304,-0.92920261718088,-0.08528380968332304
1.0,0.0,-0.28423405640585697,0.062317315595883445,-0.715765943594143,-0.062317315595883445
1.0,0.0,-0.23429896071142925,0.13927978946026606,-0.7657010392885708,-0.13927978946026606
1.0,0.0,-0.16934818828514614,0.14034362414468604,-0.8306518117148538,-0.14034362414468604
1.0,0.0,-0.05064159745869709,0.7480124784063543,-0.9493584025413029,-0.7480124784063543
1.0,0.0,-0.35433157854940317,0.40571115280881803,-0.6456684214505968,-0.40571115280881803
1.0,0.0,-0.13563438910622921,0.20984693277071292,-0.8643656108937707,-0.20984693277071292
1.0,0.0,-0.2504743820584671,0.4283658888358412,-0.7495256179415328,-0.4283658888358412
1.0,0.0,-0.26638731600307314,0.04547762076059455,-0.7336126839969268,-0.04547762076059455
1.0,0.0,-0.0243011034036453,0.6268794320677248,-0.9756988965963547,-0.6268794320677248
1.0,0.0,-0.05012645741722421,0.31470798395794386,-0.9498735425827758,-0.31470798395794386
1.0,0.0,-0.19145959619178193,0.2750913013811752,-0.808540403808218,-0.2750913013811752
1.0,0.0,-0.4158898573961833,0.7113478696711009,-0.5841101426038167,-0.7113478696711009
1.0,0.0,-0.12661873127460505,0.4502917471203671,-0.873381268725395,-0.4502917471203671
1.0,0.0,-0.3828918369815396,0.6559454170349724,-0.6171081630184604,-0.6559454170349724
1.0,0.0,-0.18011654783030162,0.0071291325246371625,-0.8198834521696984,-0.0071291325246371625
1.0,0.0,-0.07139283172859105,0.7170810708794578,-0.928607168271409,-0.7170810708794578
1.0,0.0,-0.20223044425004466,0.06939821514022382,-0.7977695557499553,-0.06939821514022382
1.0,0.0,-0.05820725161045403,0.6876277368770798,-0.941792748389546,-0.6876277368770798
1.0,0.0,-0.32497356024173496,0.0021116278777059887,-0.675026439758265,-0.0021116278777059887
1.0,0.0,-0.01178325037947775,0.0002757141759675633,-0.9882167496205223,-0.0002757141759675633
1.0,0.0,-0.015652664314780768,0.11635602816791672,-0.9843473356852193,-0.11635602816791672
1.0,0.0,-0.13202790022793,0.9476740695404201,-0.86797209977207,-0.9476740695404201
1.0,0.0,-0.2523851329345863,0.07151155451427803,-0.7476148670654137,-0.07151155451427803
1.0,0.0,-0.046282340800099714,0.8559781912055024,-0.9537176591999003,-0.8559781912055024
1.0,0.0,-0.3284767649551342,0.23725041798958998,-0.6715232350448658,-0.23725041798958998
1.0,0.0,-0.44766611257207856,0.5782723636293413,-0.5523338874279214,-0.5782723636293413
1.0,0.0,-0.3880762069985812,0.35125806495647544,-0.6119237930014187,-0.35125806495647544
1.0,0.0,-0.08379518539485614,0.009996539501414433,-0.9162048146051438,-0.009996539501414433
1.0,0.0,-0.21522136700191036,0.09103570247884435,-0.7847786329980897,-0.09103570247884435
1.0,0.0,-0.43074571420014723,0.7382902056716046,-0.5692542857998528,-0.7382902056716046
1.0,0.0,-0.12803384579517058,0.08400464315293497,-0.8719661542048294,-0.08400464315293497
1.0,0.0,-0.38978847751044055,0.3665572704852674,-0.6102115224895595,-0.3665572704852674
1.0,0.0,-0.2514780748428039,0.1019458899829855,-0.7485219251571962,-0.1019458899829855
1.0,0.0,-0.09993512445993846,0.1904345358489367,-0.9000648755400615,-0.1904345358489367
1.0,0.0,-0.07768273893364147,0.12834522663579884,-0.9223172610663586,-0.12834522663579884
1.0,0.0,-0.3039727092700264,0.2649324515505952,-0.6960272907299736,-0.2649324515505952
1.0,0.0,-0.38686744542267515,0.8833830507448103,-0.6131325545773249,-0.8833830507448103
1.0,0.0,-0.13905668369275231,0.5695480879222662,-0.8609433163072477,-0.5695480879222662
1.0,0.0,-0.12269487236895887,0.18736041999983755,-0.8773051276310411,-0.18736041999983755
1.0,0.0,-0.1868753733923109,0.9300880089267636,-0.8131246266076891,-0.9300880089267636
1.0,0.0,-0.12587436640820726,0.088070102038621,-0.8741256335917927,-0.088070102038621
1.0,0.0,-0.3115652628294774,0.2882153612987137,-0.6884347371705226,-0.2882153612987137
1.0,0.0,-0.23036073594118794,0.23265241868495692,-0.7696392640588121,-0.23265241868495692
1.0,0.0,-0.42694792348308186,0.7086693408273712,-0.5730520765169181,-0.7086693408273712
1.0,0.0,-0.37023141823849653,0.6323524967762337,-0.6297685817615035,-0.6323524967762337
1.0,0.0,-0.41386440554207554,0.6847809640143376,-0.5861355944579245,-0.6847809640143376
1.0,0.0,-0.2936382125719456,0.6616646943797606,-0.7063617874280543,-0.6616646943797606
1.0,0.0,-0.27364573407919,0.08768209768727622,-0.72635426592081,-0.08768209768727622
1.0,0.0,-0.28705830188240944,0.7419271851843726,-0.7129416981175906,-0.7419271851843726
1.0,0.0,-0.4005793081366205,0.8872171785044082,-0.5994206918633795,-0.8872171785044082
1.0,0.0,-0.10700781502957335,0.040081237884150585,-0.8929921849704267,-0.040081237884150585
1.0,0.0,-0.2820786856286778,0.26911164734744447,-0.7179213143713221,-0.26911164734744447
1.0,0.0,-0.06439115046740634,0.10053768703641773,-0.9356088495325936,-0.10053768703641773
1.0,0.0,-0.1435851247752923,0.2836674088164942,-0.8564148752247077,-0.2836674088164942
1.0,0.0,-0.2592783394686841,0.03085576415695069,-0.7407216605313158,-0.03085576415695069
1.0,0.0,-0.303706546648878,0.6787167201106673,-0.696293453351122,-0.6787167201106673
1.0,0.0,-0.013058586883128498,0.0019803636444803,-0.9869414131168714,-0.0019803636444803
1.0,0.0,-0.2923629725714489,0.12530818226670856,-0.7076370274285511,-0.12530818226670856
1.0,0.0,-0.08292997143951308,0.9752785359105365,-0.9170700285604869,-0.9752785359105365
1.0,0.0,-0.32879952241281724,0.3950601220363308,-0.6712004775871827,-0.3950601220363308
1.0,0.0,-0.16524247969000902,0.4228694057958876,-0.834757520309991,-0.4228694057958876
1.0,0.0,-0.427190306219013,0.8908651630160155,-0.572809693780987,-0.8908651630160155
1.0,0.0,-0.1566921613308142,0.1962286665549906,-0.8433078386691858,-0.1962286665549906
1.0,0.0,-0.36395336099108816,0.4427151682779389,-0.6360466390089119,-0.4427151682779389
1.0,0.0,-0.12355906864895154,0.7644968574872298,-0.8764409313510485,-0.7644968574872298
1.0,0.0,-0.4906258145781239,0.39237168763803276,-0.5093741854218761,-0.39237168763803276
1.0,0.0,-0.31439437865261827,0.1919866188551521,-0.6856056213473818,-0.1919866188551521
1.0,0.0,-0.04224435565761541,0.9617134522689392,-0.9577556443423846,-0.9617134522689392
1.0,0.0,-0.4421614948704926,0.2428415453543503,-0.5578385051295074,-0.2428415453543503
1.0,0.0,-0.009116664813827446,0.011769954399647472,-0.9908833351861726,-0.011769954399647472
1.0,0.0,-0.48015959059399815,0.05960840524827101,-0.5198404094060018,-0.05960840524827101
1.0,0.0,-0.11526418616754307,0.21789442067679035,-0.8847358138324569,-0.21789442067679035
1.0,0.0,-0.41140875304488755,0.16985004737599654,-0.5885912469551124,-0.16985004737599654
1.0,0.0,-0.12401035380211406,0.14408138567814338,-0.875989646197886,-0.14408138567814338
1.0,0.0,-0.13254892867985651,0.198636067860735,-0.8674510713201435,-0.198636067860735
1.0,0.0,-0.4812625250730381,0.14883442446446798,-0.5187374749269619,-0.14883442446446798
1.0,0.0,-0.04415325502554539,0.7633940120992192,-0.9558467449744547,-0.7633940120992192
1.0,0.0,-0.3788630704795119,0.6118150167211164,-0.621136929520488,-0.6118150167211164
1.0,0.0,-0.21405796948817948,0.6120500228708816,-0.7859420305118205,-0.6120500228708816
1.0,0.0,-0.452410526780721,0.5605276321903203,-0.547589473219279,-0.5605276321903203
1.0,0.0,-0.2837731537598226,0.3676792174942096,-0.7162268462401774,-0.3676792174942096
1.0,0.0,-0.027536250636658165,0.554932694407073,-0.9724637493633418,-0.554932694407073
1.0,0.0,-0.34169110540670783,0.44832825136691673,-0.6583088945932922,-0.44832825136691673
1.0,0.0,-0.13010596481373715,0.02235771688759599,-0.8698940351862628,-0.02235771688759599
1.0,0.0,-0.02286964253816669,0.2546951418923785,-0.9771303574618333,-0.2546951418923785
1.0,0.0,-0.4206763034706078,0.47495879058561274,-0.5793236965293922,-0.47495879058561274
1.0,0.0,-0.43289387941049956,0.36080983357539936,-0.5671061205895005,-0.36080983357539936
1.0,0.0,-0.08364515428921898,0.08342589953832982,-0.9163548457107811,-0.08342589953832982
1.0,0.0,-0.1645149021296896,0.06518895637920293,-0.8354850978703103,-0.06518895637920293
1.0,0.0,-0.2956205266821526,0.4673965818818348,-0.7043794733178474,-0.4673965818818348
1.0,0.0,-0.04242062085657996,0.12480142805344702,-0.9575793791434201,-0.12480142805344702
1.0,0.0,-0.10027334102150409,0.5510436518763708,-0.8997266589784959,-0.5510436518763708
1.0,0.0,-0.30532328182896235,0.3340107559282686,-0.6946767181710376,-0.3340107559282686
1.0,0.0,-0.20872787878777732,0.3889692243338608,-0.7912721212122227,-0.3889692243338608
1.0,0.0,-0.06494206717340462,0.09522639626383476,-0.9350579328265953,-0.09522639626383476
1.0,0.0,-0.07229096995538703,0.10141888756827729,-0.9277090300446129,-0.10141888756827729
1.0,0.0,-0.22147393024161127,0.10125531709982867,-0.7785260697583887,-0.10125531709982867
1.0,0.0,-0.05883204942116943,0.09949571232033834,-0.9411679505788306,-0.09949571232033834
1.0,0.0,-0.1136003203336111,0.3292540150748187,-0.8863996796663889,-0.3292540150748187
1.0,0.0,-0.2722524203242374,0.14964371128893114,-0.7277475796757626,-0.14964371128893114
1.0,0.0,-0.01480950394303654,0.01126804403964677,-0.9851904960569635,-0.01126804403964677
1.0,0.0,-0.06410784010514964,0.06463874439513173,-0.9358921598948504,-0.06463874439513173
1.0,0.0,-0.2692925382860908,0.0658325279790133,-0.7307074617139092,-0.0658325279790133
1.0,0.0,-0.08785237865672885,0.06463946794547556,-0.9121476213432711,-0.06463946794547556
1.0,0.0,-0.4798759352832923,0.6511639830422571,-0.5201240647167077,-0.6511639830422571
1.0,0.0,-0.08163161639825811,0.649750271043526,-0.9183683836017419,-0.649750271043526
1.0,0.0,-0.4320142625401533,0.041268862720157784,-0.5679857374598467,-0.041268862720157784
1.0,0.0,-0.4944815819015032,0.6656358462938171,-0.5055184180984968,-0.6656358462938171
1.0,0.0,-0.18960992226670959,0.07642255551198278,-0.8103900777332904,-0.07642255551198278
1.0,0.0,-0.17962892336395814,0.9672706517521732,-0.8203710766360419,-0.9672706517521732
1.0,0.0,-0.2763807848944895,0.23914380607704283,-0.7236192151055105,-0.23914380607704283
1.0,0.0,-0.20533010752831493,0.2998104939632028,-0.7946698924716851,-0.2998104939632028
1.0,0.0,-0.38880095983743485,0.47512494243343384,-0.6111990401625651,-0.47512494243343384
1.0,0.0,-0.13886137680720156,0.06755856407535123,-0.8611386231927984,-0.06755856407535123
1.0,0.0,-0.01932196440276479,0.03317246490625238,-0.9806780355972352,-0.03317246490625238
1.0,0.0,-0.42142531976772435,0.6418539502853866,-0.5785746802322757,-0.6418539502853866
1.0,0.0,-0.16690682525635636,0.2072594753606475,-0.8330931747436436,-0.2072594753606475
1.0,0.0,-0.33909345603571034,0.8149180237396187,-0.6609065439642896,-0.8149180237396187
1.0,0.0,-0.46979680316033284,0.46183525343378545,-0.5302031968396672,-0.46183525343378545
1.0,0.0,-0.1374846892742086,0.13471675166940572,-0.8625153107257915,-0.13471675166940572
1.0,0.0,-0.23837382575842586,0.2910527506783721,-0.7616261742415742,-0.2910527506783721
1.0,0.0,-0.3335921914338337,0.5656962499298117,-0.6664078085661663,-0.5656962499298117
1.0,0.0,-0.25844962167642227,0.36823999099777405,-0.7415503783235777,-0.36823999099777405
1.0,0.0,-0.1480277869314512,0.5279286909110753,-0.8519722130685488,-0.5279286909110753
1.0,0.0,-0.003440136607881894,0.0023914144563032653,-0.9965598633921181,-0.0023914144563032653
1.0,0.0,-0.00459475668245485,0.07707330911921845,-0.9954052433175451,-0.07707330911921845
1.0,0.0,-0.006828057114440914,0.27368380024454836,-0.9931719428855591,-0.27368380024454836
1.0,0.0,-0.03295580831160222,0.23012311760324528,-0.9670441916883978,-0.23012311760324528
1.0,0.0,-0.06106212134701937,0.140238441046319,-0.9389378786529806,-0.140238441046319
1.0,0.0,-0.38994429249809137,0.48770733895020363,-0.6100557075019086,-0.48770733895020363
1.0,0.0,-0.09167586832080743,0.08219377729332275,-0.9083241316791926,-0.08219377729332275
1.0,0.0,-0.022399621992952385,0.03981298030425291,-0.9776003780070476,-0.03981298030425291
1.0,0.0,-0.33708191932506504,0.6309952614096285,-0.662918080674935,-0.6309952614096285
1.0,0.0,-0.06764719922292747,0.2587901866104061,-0.9323528007770725,-0.2587901866104061
1.0,0.0,-0.016438404689866126,0.023015260843989995,-0.9835615953101339,-0.023015260843989995
1.0,0.0,-0.3666301370729116,0.5232825998623701,-0.6333698629270884,-0.5232825998623701
1.0,0.0,-0.3455031187238191,0.4264987971010032,-0.6544968812761809,-0.4264987971010032
1.0,0.0,-0.22514022050218618,0.3728787245012062,-0.7748597794978138,-0.3728787245012062
1.0,0.0,-0.0008751069352362891,0.07620991164983205,-0.9991248930647637,-0.07620991164983205
1.0,0.0,-0.4746515918125702,0.2756162078443072,-0.5253484081874298,-0.2756162078443072
1.0,0.0,-0.08549149767366433,0.8129700639322026,-0.9145085023263356,-0.8129700639322026
1.0,0.0,-0.2437372049595235,0.21194064796545317,-0.7562627950404766,-0.21194064796545317
1.0,0.0,-0.07998602250530512,0.11795687889808741,-0.9200139774946949,-0.11795687889808741
1.0,0.0,-0.12372997825785535,0.41353137664829537,-0.8762700217421446,-0.41353137664829537
1.0,0.0,-0.11586106815146041,0.6095967021265597,-0.8841389318485395,-0.6095967021265597
1.0,0.0,-0.18819499556557945,0.02662405416407144,-0.8118050044344205,-0.02662405416407144
1.0,0.0,-0.12769359600047955,0.3251546676395287,-0.8723064039995204,-0.3251546676395287
1.0,0.0,-0.011834009991012308,0.1992029825125398,-0.9881659900089876,-0.1992029825125398
1.0,0.0,-0.057447931281583216,0.1723314747906252,-0.9425520687184168,-0.1723314747906252
1.0,0.0,-0.04407801142647769,0.79948318780431,-0.9559219885735223,-0.79948318780431
1.0,0.0,-0.08110799708775057,0.12453122222957667,-0.9188920029122494,-0.12453122222957667
1.0,0.0,-0.38527496247517895,0.07357762035860499,-0.614725037524821,-0.07357762035860499
1.0,0.0,-0.2283301923443249,0.33585251005373506,-0.7716698076556752,-0.33585251005373506
1.0,0.0,-0.21969288012989957,0.7940067248405202,-0.7803071198701004,-0.7940067248405202
1.0,0.0,-0.10927877961198976,0.6590034828570114,-0.8907212203880103,-0.6590034828570114
1.0,0.0,-0.10236367850950112,0.19723736128592734,-0.8976363214904989,-0.19723736128592734
1.0,0.0,-0.01071086172957187,0.031310067170465694,-0.9892891382704281,-0.031310067170465694
1.0,0.0,-0.0844155350406983,0.9224967026938224,-0.9155844649593017,-0.9224967026938224
1.0,0.0,-0.2979306332135026,0.49261763382185225,-0.7020693667864975,-0.49261763382185225
1.0,0.0,-0.41618645615272587,0.029877158339563007,-0.5838135438472741,-0.029877158339563007
1.0,0.0,-0.4746368443234689,0.36561616745607056,-0.525363155676531,-0.36561616745607056
1.0,0.0,-0.2950164293693094,0.35318218921963357,-0.7049835706306906,-0.35318218921963357
1.0,0.0,-0.17824643930967604,0.16372398535699492,-0.8217535606903239,-0.16372398535699492
1.0,0.0,-0.1951887563459655,0.30224972385858917,-0.8048112436540344,-0.30224972385858917
1.0,0.0,-0.345560939943379,0.07838749504780158,-0.654439060056621,-0.07838749504780158
1.0,0.0,-0.0472658564381577,0.16549828559178878,-0.9527341435618423,-0.16549828559178878
1.0,0.0,-0.08380136539609645,0.11279977212720961,-0.9161986346039035,-0.11279977212720961
1.0,0.0,-0.2799107659958517,0.8261951576716169,-0.7200892340041483,-0.8261951576716169
1.0,0.0,-0.17412891623434304,0.8289989343396275,-0.825871083765657,-0.8289989343396275
1.0,0.0,-0.20086059576661547,0.2561370185725574,-0.7991394042333846,-0.2561370185725574
1.0,0.0,-0.3820310522519227,0.021687245327725254,-0.6179689477480773,-0.021687245327725254
1.0,0.0,-0.2916446217869957,0.4967667434339275,-0.7083553782130043,-0.4967667434339275
1.0,0.0,-0.18235424353132862,0.506745277766362,-0.8176457564686714,-0.506745277766362
1.0,0.0,-0.1713725940637592,0.15794877042748476,-0.8286274059362408,-0.15794877042748476
1.0,0.0,-0.30621459398367135,0.8911067097081864,-0.6937854060163287,-0.8911067097081864
1.0,0.0,-0.23176052986563006,0.5573889184507551,-0.76823947013437,-0.5573889184507551
1.0,0.0,-0.2995542136538509,0.7411467683776118,-0.7004457863461491,-0.7411467683776118
1.0,0.0,-0.20743226527240938,0.09285607460507193,-0.7925677347275906,-0.09285607460507193
1.0,0.0,-0.025183408958322745,0.5258749702804923,-0.9748165910416773,-0.5258749702804923
1.0,0.0,-0.08100454620677389,0.012481843304087815,-0.9189954537932261,-0.012481843304087815
1.0,0.0,-0.13981113682911422,0.21929319022643246,-0.8601888631708858,-0.21929319022643246
1.0,0.0,-0.00798624036837979,0.2749412479644136,-0.9920137596316202,-0.2749412479644136
1.0,0.0,-0.03833530235457655,0.2952918501481718,-0.9616646976454235,-0.2952918501481718
1.0,0.0,-0.007531942911435674,0.056284077450936935,-0.9924680570885643,-0.056284077450936935
1.0,0.0,-0.23117101811263333,0.8706753348858636,-0.7688289818873667,-0.8706753348858636
1.0,0.0,-0.43476442432105766,0.6175960551757552,-0.5652355756789423,-0.6175960551757552
1.0,0.0,-0.13217076496680977,0.3117587129203117,-0.8678292350331902,-0.3117587129203117
1.0,0.0,-0.4226395647690923,0.07227919821767852,-0.5773604352309076,-0.07227919821767852
1.0,0.0,-0.08920408169410747,0.9908481485109848,-0.9107959183058926,-0.9908481485109848
1.0,0.0,-0.1063298267985569,0.14645350462635506,-0.8936701732014432,-0.14645350462635506
1.0,0.0,-0.22686817170214596,0.18962993157167085,-0.7731318282978541,-0.18962993157167085
1.0,0.0,-0.09310081756561794,0.4421318576306471,-0.9068991824343821,-0.4421318576306471
1.0,0.0,-0.17987211735709133,0.9742266578467618,-0.8201278826429087,-0.9742266578467618
1.0,0.0,-0.15554869676974103,0.206133063831232,-0.844451303230259,-0.206133063831232
1.0,0.0,-0.12888565645732025,0.5551533771387236,-0.8711143435426798,-0.5551533771387236
1.0,0.0,-0.2343830915419643,0.8047525475294498,-0.7656169084580358,-0.8047525475294498
1.0,0.0,-0.38539366645805456,0.23569671845712567,-0.6146063335419454,-0.23569671845712567
1.0,0.0,-0.16600994726088464,0.11131424267985038,-0.8339900527391153,-0.11131424267985038
1.0,0.0,-0.33410894831894555,0.5526079257991545,-0.6658910516810544,-0.5526079257991545
1.0,0.0,-0.19473329885490756,0.9261796103786945,-0.8052667011450925,-0.9261796103786945
1.0,0.0,-0.0145809101196283,0.997626768841195,-0.9854190898803717,-0.997626768841195
1.0,0.0,-0.0545226569512508,0.048723009220540424,-0.9454773430487492,-0.048723009220540424
1.0,0.0,-0.1408467269321642,0.7386046585054499,-0.8591532730678357,-0.7386046585054499
1.0,0.0,-0.03384036962619402,0.058202336798789944,-0.966159630373806,-0.058202336798789944
1.0,0.0,-0.29610379450242846,0.07765390259956831,-0.7038962054975715,-0.07765390259956831
1.0,0.0,-0.31403575776835946,0.2466201350615164,-0.6859642422316405,-0.2466201350615164
1.0,0.0,-0.06266483169600345,0.062002772757702954,-0.9373351683039965,-0.062002772757702954
1.0,0.0,-0.2433435988364302,0.34080546272291307,-0.7566564011635698,-0.34080546272291307
1.0,0.0,-0.16987820993805097,0.11370845025346611,-0.8301217900619491,-0.11370845025346611
1.0,0.0,-0.03152870977722377,0.003077005187644622,-0.9684712902227762,-0.003077005187644622
1.0,0.0,-0.029230634603165384,0.03346780226714081,-0.9707693653968346,-0.03346780226714081
1.0,0.0,-0.05992404344341401,0.23194157962223452,-0.9400759565565859,-0.23194157962223452
1.0,0.0,-0.1410092503231119,0.08631892489127187,-0.858990749676888,-0.08631892489127187
1.0,0.0,-0.30861682418914055,0.12964892661384478,-0.6913831758108595,-0.12964892661384478
1.0,0.0,-0.3492332909815514,0.15310862383086837,-0.6507667090184486,-0.15310862383086837
1.0,0.0,-0.3182149870916667,0.6188555539796841,-0.6817850129083334,-0.6188555539796841
1.0,0.0,-0.13276894634806863,0.011633483324223037,-0.8672310536519314,-0.011633483324223037
1.0,0.0,-0.34584820219305173,0.9162747738759307,-0.6541517978069482,-0.9162747738759307
1.0,0.0,-0.09712472898146379,0.006358944469821637,-0.9028752710185362,-0.006358944469821637
1.0,0.0,-0.4341047873857244,0.22706809870138098,-0.5658952126142756,-0.22706809870138098
1.0,0.0,-0.11993316902817976,0.4365467010443145,-0.8800668309718203,-0.4365467010443145
1.0,0.0,-0.4136643148063669,0.3923279761118098,-0.5863356851936331,-0.3923279761118098
1.0,0.0,-0.02777024685489682,0.014858540806379087,-0.9722297531451032,-0.014858540806379087
1.0,0.0,-0.03453856809349082,0.05829547526634864,-0.9654614319065091,-0.05829547526634864
1.0,0.0,-0.1361668426049214,0.01853110728409036,-0.8638331573950786,-0.01853110728409036
1.0,0.0,-0.4737604800402484,0.16695341300055228,-0.5262395199597516,-0.16695341300055228
1.0,0.0,-0.45674990952220307,0.31516670519280826,-0.5432500904777969,-0.31516670519280826
1.0,0.0,-0.14473498867484585,0.023110311061330706,-0.8552650113251541,-0.023110311061330706
1.0,0.0,-0.3237328843516369,0.07131917963719148,-0.6762671156483631,-0.07131917963719148
1.0,0.0,-0.0636294522669476,0.06074006830156436,-0.9363705477330524,-0.06074006830156436
1.0,0.0,-0.368785911314447,0.5389839884837839,-0.6312140886855531,-0.5389839884837839
1.0,0.0,-0.4427063738932544,0.02212411740723225,-0.5572936261067456,-0.02212411740723225
1.0,0.0,-0.07730325725380682,0.06938453994082014,-0.9226967427461932,-0.06938453994082014
1.0,0.0,-0.03872440903926397,0.1441267171897726,-0.961275590960736,-0.1441267171897726
1.0,0.0,-0.32311585320435793,0.23512937565935696,-0.6768841467956421,-0.23512937565935696
1.0,0.0,-0.3991686356738818,0.021845868343370926,-0.6008313643261183,-0.021845868343370926
1.0,0.0,-0.0813222296981248,0.0111036864142001,-0.9186777703018751,-0.0111036864142001
1.0,0.0,-0.48309216280396394,0.2910843612454663,-0.5169078371960361,-0.2910843612454663
1.0,0.0,-0.32987775129641633,0.5923011755338831,-0.6701222487035836,-0.5923011755338831
1.0,0.0,-0.3045077040076216,0.49707295469402435,-0.6954922959923784,-0.49707295469402435
1.0,0.0,-0.23889708328342257,0.022663245857494685,-0.7611029167165775,-0.022663245857494685
1.0,0.0,-0.10603034383879129,0.6035147666194323,-0.8939696561612087,-0.6035147666194323
1.0,0.0,-0.42242732670406485,0.46426512954164295,-0.5775726732959352,-0.46426512954164295
1.0,0.0,-0.22876506635330257,0.2501716277401669,-0.7712349336466975,-0.2501716277401669
1.0,0.0,-0.21780643198136468,0.2539318564108807,-0.7821935680186354,-0.2539318564108807
1.0,0.0,-0.28833785910459536,0.4023785324975281,-0.7116621408954047,-0.4023785324975281
1.0,0.0,-0.02579900568262966,0.029403913456025187,-0.9742009943173704,-0.029403913456025187
1.0,0.0,-0.09764336592372186,0.15078680816095805,-0.9023566340762781,-0.15078680816095805
1.0,0.0,-0.4379962475577973,0.09908194803587556,-0.5620037524422027,-0.09908194803587556
1.0,0.0,-0.05367646095975974,0.2306462966057322,-0.9463235390402402,-0.2306462966057322
1.0,0.0,-0.23276761439835914,0.3236240668062612,-0.7672323856016409,-0.3236240668062612
1.0,0.0,-0.03114664077140622,0.04557368229988173,-0.9688533592285937,-0.04557368229988173
1.0,0.0,-0.2600656435083152,0.372528180517867,-0.7399343564916848,-0.372528180517867
1.0,0.0,-0.22887588935087266,0.5450701207578968,-0.7711241106491273,-0.5450701207578968
1.0,0.0,-0.2324400184205604,0.526885939735922,-0.7675599815794396,-0.526885939735922
1.0,0.0,-0.04461697766849421,0.06613140980473467,-0.9553830223315058,-0.06613140980473467
1.0,0.0,-0.005456930152166225,0.24245824648322417,-0.9945430698478338,-0.24245824648322417
1.0,0.0,-0.10334240388801874,0.6322620143254881,-0.8966575961119813,-0.6322620143254881
1.0,0.0,-0.010221645808517865,0.0062776808963943,-0.9897783541914822,-0.0062776808963943
1.0,0.0,-0.44089169092886155,0.7241840646879714,-0.5591083090711384,-0.7241840646879714
1.0,0.0,-0.1641273666991944,0.6079368219039831,-0.8358726333008056,-0.6079368219039831
1.0,0.0,-0.08483494472095365,0.08478992121234831,-0.9151650552790463,-0.08478992121234831
1.0,0.0,-0.08752160449551555,0.007363595437303564,-0.9124783955044844,-0.007363595437303564
1.0,0.0,-0.01627688997206867,0.1511360664916469,-0.9837231100279313,-0.1511360664916469
1.0,0.0,-0.45165139521287584,0.21306342586025384,-0.5483486047871242,-0.21306342586025384
1.0,0.0,-0.016210977106625946,0.022162953231739783,-0.9837890228933741,-0.022162953231739783
1.0,0.0,-0.4619461810465544,0.2155259018389215,-0.5380538189534456,-0.2155259018389215
1.0,0.0,-0.3642912769784123,0.14728873223531272,-0.6357087230215877,-0.14728873223531272
1.0,0.0,-0.48330542250349817,0.4633001064353274,-0.5166945774965018,-0.4633001064353274
1.0,0.0,-0.45349222279067225,0.40500903703432034,-0.5465077772093277,-0.40500903703432034
1.0,0.0,-0.16005885093817324,0.4178696864268813,-0.8399411490618267,-0.4178696864268813
1.0,0.0,-0.25504719457347136,0.26601898199300483,-0.7449528054265286,-0.26601898199300483
1.0,0.0,-0.02421198485656928,0.040234011196434084,-0.9757880151434307,-0.040234011196434084
1.0,0.0,-0.40902331295028455,0.24620265611110725,-0.5909766870497155,-0.24620265611110725
1.0,0.0,-0.006589410450229094,0.00606921439255421,-0.9934105895497709,-0.00606921439255421
1.0,0.0,-0.38376818150493125,0.040762956836345496,-0.6162318184950688,-0.040762956836345496
1.0,0.0,-0.4981435221814297,0.04735709359288552,-0.5018564778185703,-0.04735709359288552
1.0,0.0,-0.49286331802058414,0.6915255100052484,-0.5071366819794159,-0.6915255100052484
1.0,0.0,-0.2931096753478787,0.3753633452019528,-0.7068903246521213,-0.3753633452019528
1.0,0.0,-0.031922480723311594,0.5767593065073603,-0.9680775192766884,-0.5767593065073603
1.0,0.0,-0.4305101622140003,0.5797777121302565,-0.5694898377859997,-0.5797777121302565
1.0,0.0,-0.1827776458333713,0.2875897222741421,-0.8172223541666287,-0.2875897222741421
1.0,0.0,-0.26231162706401334,0.5219072892071666,-0.7376883729359867,-0.5219072892071666
1.0,0.0,-0.05499276596946939,0.5517753382399311,-0.9450072340305307,-0.5517753382399311
1.0,0.0,-0.24926365234998515,0.37961838034997747,-0.7507363476500148,-0.37961838034997747
1.0,0.0,-0.027659083169003562,0.03370977515699563,-0.9723409168309964,-0.03370977515699563
1.0,0.0,-0.36472861331958617,0.7581313535912068,-0.6352713866804138,-0.7581313535912068
1.0,0.0,-0.26357669435881437,0.30167083980785686,-0.7364233056411856,-0.30167083980785686
1.0,0.0,-0.3138086612273545,0.39673416907947623,-0.6861913387726455,-0.39673416907947623
1.0,0.0,-0.28081316474381,0.12441783813460963,-0.71918683525619,-0.12441783813460963
1.0,0.0,-0.0367712904250348,0.0615834623623444,-0.9632287095749652,-0.0615834623623444
1.0,0.0,-0.47362702884059155,0.49957805228844965,-0.5263729711594085,-0.49957805228844965
1.0,0.0,-0.10146733735840979,0.9817445853579121,-0.8985326626415902,-0.9817445853579121
1.0,0.0,-0.022892589255863738,0.02229160523800273,-0.9771074107441362,-0.02229160523800273
1.0,0.0,-0.04701365114447482,0.1627395290209906,-0.9529863488555251,-0.1627395290209906
1.0,0.0,-0.2770130027809775,0.22315976601214965,-0.7229869972190225,-0.22315976601214965
1.0,0.0,-0.06102133068793482,0.9143773017041521,-0.9389786693120652,-0.9143773017041521
1.0,0.0,-0.188885916775397,0.06479009642470551,-0.811114083224603,-0.06479009642470551
1.0,0.0,-0.06888602363070251,0.001137043323156863,-0.9311139763692975,-0.001137043323156863
1.0,0.0,-0.37733369683873563,0.0048063154462022134,-0.6226663031612644,-0.0048063154462022134
1.0,0.0,-0.16797418359614869,0.26123723018215683,-0.8320258164038513,-0.26123723018215683
1.0,0.0,-0.07972024814935401,0.16729646595031858,-0.920279751850646,-0.16729646595031858
1.0,0.0,-0.004148749188633982,0.00780213381837999,-0.995851250811366,-0.00780213381837999
1.0,0.0,-0.39307367098662593,0.6537597357654921,-0.6069263290133741,-0.6537597357654921
1.0,0.0,-0.06299389688272099,0.32201164751772926,-0.937006103117279,-0.32201164751772926
1.0,0.0,-0.13036972552860193,0.0001416534478985975,-0.8696302744713981,-0.0001416534478985975
1.0,0.0,-0.3177026283130747,0.0769500313646522,-0.6822973716869253,-0.0769500313646522
1.0,0.0,-0.020683477128220495,0.12393857442268578,-0.9793165228717795,-0.12393857442268578
1.0,0.0,-0.37082372506277905,0.8389830933983753,-0.629176274937221,-0.8389830933983753
1.0,0.0,-0.022459776623106917,0.14903376547380454,-0.9775402233768931,-0.14903376547380454
1.0,0.0,-0.35229537098780567,0.5437956073987527,-0.6477046290121944,-0.5437956073987527
1.0,0.0,-0.2206962293790215,0.37219061800286596,-0.7793037706209784,-0.37219061800286596
1.0,0.0,-0.2156357148609751,0.36927916311096887,-0.7843642851390249,-0.36927916311096887
1.0,0.0,-0.15067699021779601,0.11499701988876712,-0.849323009782204,-0.11499701988876712
1.0,0.0,-0.1407544296034018,0.17286516106820662,-0.8592455703965982,-0.17286516106820662
1.0,0.0,-0.010486016847242896,0.3360730494868655,-0.9895139831527571,-0.3360730494868655
1.0,0.0,-0.19970510100436223,0.06215352595643516,-0.8002948989956378,-0.06215352595643516
1.0,0.0,-0.1427671669730441,0.18903623846573817,-0.8572328330269559,-0.18903623846573817
1.0,0.0,-0.3075361885603328,0.8436107495809818,-0.6924638114396672,-0.8436107495809818
1.0,0.0,-0.23580956413075996,0.8201057888352605,-0.7641904358692401,-0.8201057888352605
1.0,0.0,-0.005929869683151297,0.04858204329211019,-0.9940701303168487,-0.04858204329211019
1.0,0.0,-0.266935694594451,0.3949399972790333,-0.733064305405549,-0.3949399972790333
1.0,0.0,-0.02411302778470728,0.6900545366059121,-0.9758869722152927,-0.6900545366059121
1.0,0.0,-0.22026686229770515,0.2915598773249865,-0.7797331377022949,-0.2915598773249865
1.0,0.0,-0.017203339579328236,0.02637439818902187,-0.9827966604206717,-0.02637439818902187
1.0,0.0,-0.355529494090422,0.17068575172969339,-0.644470505909578,-0.17068575172969339
1.0,0.0,-0.4626726668342999,0.7267552073044855,-0.5373273331657,-0.7267552073044855
1.0,0.0,-0.08259397954184042,0.14752305970401877,-0.9174060204581596,-0.14752305970401877
1.0,0.0,-0.14250759133595672,0.26104762476375265,-0.8574924086640433,-0.26104762476375265
1.0,0.0,-0.27681904276164243,0.5473139437559389,-0.7231809572383576,-0.5473139437559389
1.0,0.0,-0.21205060435411885,0.7111476635474362,-0.7879493956458812,-0.7111476635474362
1.0,0.0,-0.1989727913451304,0.06819500478731923,-0.8010272086548695,-0.06819500478731923
1.0,0.0,-0.3436790670164043,0.3973411245199404,-0.6563209329835957,-0.3973411245199404
1.0,0.0,-0.07782739799491789,0.10031632811828055,-0.9221726020050821,-0.10031632811828055
1.0,0.0,-0.1436303577116209,0.2704818623276265,-0.8563696422883791,-0.2704818623276265
1.0,0.0,-0.39303420037344095,0.06666106593331016,-0.606965799626559,-0.06666106593331016
1.0,0.0,-0.10642708264648976,0.05990091351378296,-0.8935729173535103,-0.05990091351378296
1.0,0.0,-0.04473530327916282,0.33944582967338405,-0.9552646967208371,-0.33944582967338405
1.0,0.0,-0.2095991697730039,0.6908294999861933,-0.790400830226996,-0.6908294999861933
1.0,0.0,-0.13445610309873912,0.17564163768986452,-0.8655438969012609,-0.17564163768986452
1.0,0.0,-0.3607670457623545,0.4239315314451484,-0.6392329542376455,-0.4239315314451484
1.0,0.0,-0.08250350737861445,0.39365570696723035,-0.9174964926213856,-0.39365570696723035
1.0,0.0,-0.0026328871690030338,0.6361341365635643,-0.997367112830997,-0.6361341365635643
1.0,0.0,-0.34328415933197787,0.5859690119968914,-0.6567158406680221,-0.5859690119968914
1.0,0.0,-0.3100241364312918,0.27087852931132356,-0.6899758635687082,-0.27087852931132356
1.0,0.0,-0.15992841760756982,0.10365578815679537,-0.8400715823924302,-0.10365578815679537
1.0,0.0,-0.07212853586677109,0.0521123417362597,-0.9278714641332289,-0.0521123417362597
1.0,0.0,-0.338611030240172,0.2907782360648717,-0.6613889697598281,-0.2907782360648717
1.0,0.0,-0.4209200606286987,0.07517323511864149,-0.5790799393713013,-0.07517323511864149
1.0,0.0,-0.15770471304159198,0.2899372716258127,-0.842295286958408,-0.2899372716258127
1.0,0.0,-0.023420493642235016,0.3740223766507688,-0.976579506357765,-0.3740223766507688
1.0,0.0,-0.17138691796335526,0.3868653218446365,-0.8286130820366447,-0.3868653218446365
1.0,0.0,-0.39364901835674,0.08987226736445096,-0.60635098164326,-0.08987226736445096
1.0,0.0,-0.0309725098523308,0.03557192414438653,-0.9690274901476692,-0.03557192414438653
1.0,0.0,-0.05353658805793193,0.034398149601100415,-0.9464634119420681,-0.034398149601100415
1.0,0.0,-0.42501809398096674,0.6181291207540021,-0.5749819060190333,-0.6181291207540021
1.0,0.0,-0.09037697771085829,0.13748228231339485,-0.9096230222891417,-0.13748228231339485
1.0,0.0,-0.3362303125381596,0.20760214820996511,-0.6637696874618404,-0.20760214820996511
1.0,0.0,-0.05907243636565851,0.04661274910493568,-0.9409275636343415,-0.04661274910493568
1.0,0.0,-0.3541578563169293,0.35604825085828196,-0.6458421436830707,-0.35604825085828196
1.0,0.0,-0.040213874459765375,0.010128755102629214,-0.9597861255402347,-0.010128755102629214
1.0,0.0,-0.03208883966291695,0.06512740645244917,-0.967911160337083,-0.06512740645244917
1.0,0.0,-0.31893049743798785,0.8035298096996939,-0.6810695025620122,-0.8035298096996939
1.0,0.0,-0.012900495439270687,0.017877238067023904,-0.9870995045607294,-0.017877238067023904
1.0,0.0,-0.4889733756742938,0.7194741488593713,-0.5110266243257062,-0.7194741488593713
1.0,0.0,-0.0465823999572799,0.139069137503288,-0.9534176000427201,-0.139069137503288
1.0,0.0,-0.06525526205140447,0.09795523793987163,-0.9347447379485956,-0.09795523793987163
1.0,0.0,-0.20765532923941515,0.18221749859687697,-0.7923446707605848,-0.18221749859687697
1.0,0.0,-0.034017687723465306,0.011007723233321755,-0.9659823122765347,-0.011007723233321755
1.0,0.0,-0.1669803276947987,0.828051950356552,-0.8330196723052012,-0.828051950356552
1.0,0.0,-0.338329295838924,0.18413723820554564,-0.661670704161076,-0.18413723820554564
1.0,0.0,-0.19962269139772415,0.17954222989572644,-0.8003773086022758,-0.17954222989572644
1.0,0.0,-0.43778582958377954,0.6285214822459677,-0.5622141704162205,-0.6285214822459677
1.0,0.0,-0.035043892093167495,0.015830679452203695,-0.9649561079068325,-0.015830679452203695
1.0,0.0,-0.004864746510630458,0.00471035328635781,-0.9951352534893696,-0.00471035328635781
1.0,0.0,-0.18076502669602645,0.17562272319457994,-0.8192349733039735,-0.17562272319457994
1.0,0.0,-0.15772119713107086,0.18404136158735954,-0.8422788028689292,-0.18404136158735954
1.0,0.0,-0.17640661328639806,0.197302363490435,-0.8235933867136019,-0.197302363490435
1.0,0.0,-0.159223399298679,0.2615089234007717,-0.840776600701321,-0.2615089234007717
1.0,0.0,-0.4007792922518049,0.20076136001606,-0.599220707748195,-0.20076136001606
1.0,0.0,-0.0062534417801347,0.016742944815700697,-0.9937465582198654,-0.016742944815700697
1.0,0.0,-0.1933164451882582,0.5842631479616782,-0.8066835548117418,-0.5842631479616782
1.0,0.0,-0.047905300716609034,0.05651277971816421,-0.952094699283391,-0.05651277971816421
1.0,0.0,-0.1961233270466754,0.15331339466265456,-0.8038766729533247,-0.15331339466265456
1.0,0.0,-0.42397625549407236,0.4930174304596128,-0.5760237445059276,-0.4930174304596128
1.0,0.0,-0.21371154892734717,0.21540731245588676,-0.7862884510726529,-0.21540731245588676
1.0,0.0,-0.19232020938240652,0.13983512553306973,-0.8076797906175934,-0.13983512553306973
1.0,0.0,-0.1739097054347059,0.3129347670307716,-0.8260902945652941,-0.3129347670307716
1.0,0.0,-0.03492726318701567,0.02067283664210962,-0.9650727368129843,-0.02067283664210962
1.0,0.0,-0.306995545719161,0.2550559067161583,-0.693004454280839,-0.2550559067161583
1.0,0.0,-0.21672584453306565,0.16859249962869677,-0.7832741554669344,-0.16859249962869677
1.0,0.0,-0.011604236710885008,0.009041207888630243,-0.9883957632891149,-0.009041207888630243
1.0,0.0,-0.4676375154493056,0.7644164465785905,-0.5323624845506945,-0.7644164465785905
1.0,0.0,-0.20581330511971274,0.3217907222821824,-0.7941866948802873,-0.3217907222821824
1.0,0.0,-0.23999355241965592,0.2729269120251895,-0.7600064475803441,-0.2729269120251895
1.0,0.0,-0.2077066052201249,0.006722608290983006,-0.7922933947798751,-0.006722608290983006
1.0,0.0,-0.43689764884856674,0.05241902383967808,-0.5631023511514333,-0.05241902383967808
1.0,0.0,-0.15123007139681066,0.059433581867324274,-0.8487699286031893,-0.059433581867324274
1.0,0.0,-0.051359342368687805,0.17198964933094532,-0.9486406576313122,-0.17198964933094532
1.0,0.0,-0.10458713629724088,0.44651782207666607,-0.8954128637027591,-0.44651782207666607
1.0,0.0,-0.17854393112305217,0.27081278612521104,-0.8214560688769479,-0.27081278612521104
1.0,0.0,-0.1774729348362853,0.2596552708016003,-0.8225270651637147,-0.2596552708016003
1.0,0.0,-0.02062887583316514,0.04003665371299126,-0.9793711241668348,-0.04003665371299126
1.0,0.0,-0.40774056622892446,0.2943880619812424,-0.5922594337710756,-0.2943880619812424
1.0,0.0,-0.08540798091264401,0.12872563847230875,-0.914592019087356,-0.12872563847230875
1.0,0.0,-0.2683200997154475,0.04777713904238895,-0.7316799002845524,-0.04777713904238895
1.0,0.0,-0.13862084502792776,0.1542219338512569,-0.8613791549720722,-0.1542219338512569
1.0,0.0,-0.35251227384809686,0.0064418174948479906,-0.6474877261519032,-0.0064418174948479906
1.0,0.0,-0.0986172050866404,0.15457221535048146,-0.9013827949133596,-0.15457221535048146
1.0,0.0,-0.15837182919117196,0.6349960002721277,-0.841628170808828,-0.6349960002721277
1.0,0.0,-0.06470073319737202,0.027369246871261615,-0.935299266802628,-0.027369246871261615
1.0,0.0,-0.3549754023039773,0.5768750177158516,-0.6450245976960227,-0.5768750177158516
1.0,0.0,-0.2554739306006446,0.005717783542870925,-0.7445260693993554,-0.005717783542870925
1.0,0.0,-0.05304730228456263,0.09617751159763008,-0.9469526977154373,-0.09617751159763008
1.0,0.0,-0.3700840925422151,0.24734844524630825,-0.6299159074577849,-0.24734844524630825
1.0,0.0,-0.05074283065836305,0.03448731645459444,-0.949257169341637,-0.03448731645459444
1.0,0.0,-0.13759284357012863,0.2612901398362722,-0.8624071564298714,-0.2612901398362722
1.0,0.0,-0.04428668907044138,0.8538553253587593,-0.9557133109295586,-0.8538553253587593
1.0,0.0,-0.32381820669975064,0.41128061441344116,-0.6761817933002494,-0.41128061441344116
1.0,0.0,-0.4424016003311613,0.4191715393580368,-0.5575983996688387,-0.4191715393580368
1.0,0.0,-0.015276981509261763,0.06524560370543621,-0.9847230184907383,-0.06524560370543621
1.0,0.0,-0.24786477292016867,0.4222604982562321,-0.7521352270798314,-0.4222604982562321
1.0,0.0,-0.40181194549553806,0.4633536985633932,-0.598188054504462,-0.4633536985633932
1.0,0.0,-0.42846967753727205,0.11834814536716237,-0.571530322462728,-0.11834814536716237
1.0,0.0,-0.29587871962716394,0.310728372259296,-0.7041212803728361,-0.310728372259296
1.0,0.0,-0.15846165953377453,0.8806889992643091,-0.8415383404662254,-0.8806889992643091
1.0,0.0,-0.0585362064611929,0.09685649486022872,-0.941463793538807,-0.09685649486022872
1.0,0.0,-0.0292352627850488,0.32021179383679343,-0.9707647372149512,-0.32021179383679343
1.0,0.0,-0.09392789527550016,0.16972299683272282,-0.9060721047244998,-0.16972299683272282
1.0,0.0,-0.22876093834398853,0.1945470835278722,-0.7712390616560114,-0.1945470835278722
1.0,0.0,-0.22954735379350294,0.15781391033718084,-0.7704526462064971,-0.15781391033718084
1.0,0.0,-0.06935796350018218,0.22222270622762041,-0.9306420364998178,-0.22222270622762041
1.0,0.0,-0.2420567366397242,0.1708325718405691,-0.7579432633602758,-0.1708325718405691
1.0,0.0,-0.11547947788015533,0.10091336577150167,-0.8845205221198447,-0.10091336577150167
1.0,0.0,-0.4090133086962337,0.1908233233111752,-0.5909866913037662,-0.1908233233111752
1.0,0.0,-0.09754502601117843,0.16125585698040676,-0.9024549739888216,-0.16125585698040676
1.0,0.0,-0.04595530628646578,0.3776694631716202,-0.9540446937135342,-0.3776694631716202
1.0,0.0,-0.3383440013923801,0.13821546108195235,-0.6616559986076199,-0.13821546108195235
1.0,0.0,-0.2925346914905172,0.045809076638126445,-0.7074653085094829,-0.045809076638126445
1.0,0.0,-0.051044955596728676,0.5923328676453785,-0.9489550444032713,-0.5923328676453785
1.0,0.0,-0.114837648558882,0.2738424204107322,-0.885162351441118,-0.2738424204107322
1.0,0.0,-0.08845688985130534,0.15631727153728062,-0.9115431101486946,-0.15631727153728062
1.0,0.0,-0.13426108545180437,0.18340369382054744,-0.8657389145481956,-0.18340369382054744
1.0,0.0,-0.008070416147816896,0.1015719261347657,-0.9919295838521831,-0.1015719261347657
1.0,0.0,-0.04382308976565319,0.0692917285763763,-0.9561769102343468,-0.0692917285763763
1.0,0.0,-0.035821272029756435,0.02432512994469823,-0.9641787279702436,-0.02432512994469823
1.0,0.0,-0.02354323242287857,0.5369706528579838,-0.9764567675771214,-0.5369706528579838
1.0,0.0,-0.01462031548028736,0.145646264576818,-0.9853796845197127,-0.145646264576818
1.0,0.0,-0.1825024747029262,0.2658814247289651,-0.8174975252970738,-0.2658814247289651
1.0,0.0,-0.22125408842011876,0.4887187293714702,-0.7787459115798813,-0.4887187293714702
1.0,0.0,-0.338848127066396,0.49124799164373095,-0.661151872933604,-0.49124799164373095
1.0,0.0,-0.4685848287997749,0.739804782178877,-0.5314151712002251,-0.739804782178877
1.0,0.0,-0.1783007144887256,0.2928552311528977,-0.8216992855112744,-0.2928552311528977
1.0,0.0,-0.18540485521332026,0.7050410271099316,-0.8145951447866797,-0.7050410271099316
1.0,0.0,-0.236272679644129,0.36510114953900014,-0.763727320355871,-0.36510114953900014
1.0,0.0,-0.26141568827162665,0.2302989421351157,-0.7385843117283734,-0.2302989421351157
1.0,0.0,-0.3340838243077869,0.45989500366219993,-0.6659161756922132,-0.45989500366219993
1.0,0.0,-0.17261870963242942,0.24895710610275384,-0.8273812903675706,-0.24895710610275384
1.0,0.0,-0.06860414480268268,0.058970096368809004,-0.9313958551973174,-0.058970096368809004
1.0,0.0,-0.001512664086446902,0.0015736333293065172,-0.9984873359135531,-0.0015736333293065172
1.0,0.0,-0.21924332720023243,0.12287791018280593,-0.7807566727997676,-0.12287791018280593
1.0,0.0,-0.3111074195399639,0.49081340198843887,-0.6888925804600361,-0.49081340198843887
1.0,0.0,-0.06295066930169224,0.093317078455196,-0.9370493306983078,-0.093317078455196
1.0,0.0,-0.12985773974703405,0.6489901695902316,-0.8701422602529659,-0.6489901695902316
1.0,0.0,-0.19055832025322922,0.8453623796948752,-0.8094416797467707,-0.8453623796948752
1.0,0.0,-0.032724062319977175,0.06011303601641868,-0.9672759376800228,-0.06011303601641868
1.0,0.0,-0.030473227029193084,0.03371359112828671,-0.9695267729708069,-0.03371359112828671
1.0,0.0,-0.03698469381285657,0.006007817239435419,-0.9630153061871434,-0.006007817239435419
1.0,0.0,-0.35289850743321766,0.5857685525147092,-0.6471014925667824,-0.5857685525147092
1.0,0.0,-0.2708382137213291,0.17166644515976956,-0.7291617862786709,-0.17166644515976956
1.0,0.0,-0.02207450157960461,0.011629248068149167,-0.9779254984203953,-0.011629248068149167
1.0,0.0,-0.4441569227684792,0.3193554965647034,-0.5558430772315208,-0.3193554965647034
1.0,0.0,-0.15052818241654184,0.5297361334981081,-0.8494718175834581,-0.5297361334981081
1.0,0.0,-0.2517199988539488,0.5179260707029556,-0.7482800011460512,-0.5179260707029556
1.0,0.0,-0.05293047491028746,0.007497861361603161,-0.9470695250897125,-0.007497861361603161
1.0,0.0,-0.08869427988238891,0.6346497913590979,-0.9113057201176111,-0.6346497913590979
1.0,0.0,-0.13296956309063035,0.27171328154089386,-0.8670304369093697,-0.27171328154089386
1.0,0.0,-0.07985275517202134,0.04466755983525499,-0.9201472448279786,-0.04466755983525499
1.0,0.0,-0.0825680980005839,0.1255029735340285,-0.9174319019994162,-0.1255029735340285
1.0,0.0,-0.36493530160534604,0.3134954537214619,-0.635064698394654,-0.3134954537214619
1.0,0.0,-0.09303175902975402,0.1443880561137892,-0.906968240970246,-0.1443880561137892
1.0,0.0,-0.01990784087668043,0.27087912405331954,-0.9800921591233196,-0.27087912405331954
1.0,0.0,-0.38393822279738604,0.5681174101853926,-0.616061777202614,-0.5681174101853926
1.0,0.0,-0.2427588165531018,0.4830637245150072,-0.7572411834468982,-0.4830637245150072
1.0,0.0,-0.04465317920447055,0.3698098429527035,-0.9553468207955295,-0.3698098429527035
1.0,0.0,-0.1586792711204887,0.838479188265845,-0.8413207288795113,-0.838479188265845
1.0,0.0,-0.3104211550712442,0.29149720677033747,-0.6895788449287559,-0.29149720677033747
1.0,0.0,-0.07140376476936226,0.29230984981172414,-0.9285962352306377,-0.29230984981172414
1.0,0.0,-0.04822481086575919,0.03148574718503185,-0.9517751891342408,-0.03148574718503185
1.0,0.0,-0.24059513978812025,0.3743276376355618,-0.7594048602118797,-0.3743276376355618
1.0,0.0,-0.2831950714344065,0.20813955713508928,-0.7168049285655935,-0.20813955713508928
1.0,0.0,-0.05729880527354886,0.073004626826797,-0.9427011947264512,-0.073004626826797
1.0,0.0,-0.4203441227246161,0.2839862913646932,-0.5796558772753839,-0.2839862913646932
1.0,0.0,-0.35117080293873604,0.4077419380274434,-0.648829197061264,-0.4077419380274434
1.0,0.0,-0.4284216692995484,0.33485919128270913,-0.5715783307004516,-0.33485919128270913
1.0,0.0,-0.272786466623324,0.247208289435322,-0.727213533376676,-0.247208289435322
1.0,0.0,-0.23804922038832493,0.07074867639822244,-0.7619507796116751,-0.07074867639822244
1.0,0.0,-0.10525332676190323,0.8029663094643831,-0.8947466732380968,-0.8029663094643831
1.0,0.0,-0.007831297253464346,0.05067647892548109,-0.9921687027465357,-0.05067647892548109
1.0,0.0,-0.10523734219590837,0.21305212429089426,-0.8947626578040916,-0.21305212429089426
1.0,0.0,-0.13181280190168732,0.27602245853938195,-0.8681871980983127,-0.27602245853938195
1.0,0.0,-0.06932838854260723,0.565956283697165,-0.9306716114573927,-0.565956283697165
1.0,0.0,-0.10275837902488105,0.05770757282988634,-0.897241620975119,-0.05770757282988634
1.0,0.0,-0.3957933386476777,0.1710504460629372,-0.6042066613523223,-0.1710504460629372
1.0,0.0,-0.005338521852910227,0.008281124480154884,-0.9946614781470897,-0.008281124480154884
1.0,0.0,-0.07297242855115611,0.26858856851153773,-0.9270275714488438,-0.26858856851153773
1.0,0.0,-0.2896503892068081,0.179941140235577,-0.7103496107931919,-0.179941140235577
1.0,0.0,-0.434210561181674,0.2686230975031883,-0.565789438818326,-0.2686230975031883
1.0,0.0,-0.26175654413902344,0.311087889205807,-0.7382434558609765,-0.311087889205807
1.0,0.0,-0.09940305781181269,0.3772272249164011,-0.9005969421881873,-0.3772272249164011
1.0,0.0,-0.1241287124514428,0.00550200650585616,-0.8758712875485573,-0.00550200650585616
1.0,0.0,-0.16143852242077184,0.0494488987007836,-0.8385614775792282,-0.0494488987007836
1.0,0.0,-0.07845663977512754,0.20716019480239029,-0.9215433602248725,-0.20716019480239029
1.0,0.0,-0.011979836968941837,0.011186922251151954,-0.9880201630310581,-0.011186922251151954
1.0,0.0,-0.1624076804865672,0.4295330436612345,-0.8375923195134328,-0.4295330436612345
1.0,0.0,-0.4513674904274728,0.26146432529385466,-0.5486325095725272,-0.26146432529385466
1.0,0.0,-0.013203635862121635,0.024986431010511633,-0.9867963641378784,-0.024986431010511633
1.0,0.0,-0.05855205472638103,0.07636444784717222,-0.941447945273619,-0.07636444784717222
1.0,0.0,-0.36547985272668676,0.4404812312367849,-0.6345201472733133,-0.4404812312367849
1.0,0.0,-0.16557385515621492,0.22386122501066863,-0.8344261448437851,-0.22386122501066863
1.0,0.0,-0.49163127548985863,0.691822319210323,-0.5083687245101414,-0.691822319210323
1.0,0.0,-0.07731978553856585,0.845268786399124,-0.9226802144614341,-0.845268786399124
1.0,0.0,-0.413431373701149,0.6882899107004722,-0.586568626298851,-0.6882899107004722
1.0,0.0,-0.3463239372152675,0.45040421838162314,-0.6536760627847324,-0.45040421838162314
1.0,0.0,-0.0657078091855577,0.4158146597111219,-0.9342921908144423,-0.4158146597111219
1.0,0.0,-0.3119257779041306,0.5080993967306412,-0.6880742220958693,-0.5080993967306412
1.0,0.0,-0.0021085426134576884,0.009949947068545502,-0.9978914573865423,-0.009949947068545502
1.0,0.0,-0.0019165553683091658,0.04579899033042626,-0.9980834446316909,-0.04579899033042626
1.0,0.0,-0.44291996464044653,0.7060316650709292,-0.5570800353595535,-0.7060316650709292
1.0,0.0,-0.4374702070597042,0.376321286390848,-0.5625297929402958,-0.376321286390848
1.0,0.0,-0.36545983460399567,0.44828519401409705,-0.6345401653960043,-0.44828519401409705
1.0,0.0,-0.1791285892282709,0.19524458335589348,-0.8208714107717291,-0.19524458335589348
1.0,0.0,-0.4034069391731318,0.21354099599003445,-0.5965930608268681,-0.21354099599003445
1.0,0.0,-0.322269999933757,0.510628166065872,-0.677730000066243,-0.510628166065872
1.0,0.0,-0.2240075169479741,0.16895774854160872,-0.775992483052026,-0.16895774854160872
1.0,0.0,-0.06747683866862769,0.1096168521670687,-0.9325231613313723,-0.1096168521670687
1.0,0.0,-0.33778904385473213,0.4816644620812792,-0.6622109561452678,-0.4816644620812792
1.0,0.0,-0.08344571611248147,0.15005013673415293,-0.9165542838875185,-0.15005013673415293
1.0,0.0,-0.14121096574665268,0.9437048339093597,-0.8587890342533473,-0.9437048339093597
1.0,0.0,-0.16879280223943385,0.7358571121001766,-0.8312071977605662,-0.7358571121001766
1.0,0.0,-0.04243073503140932,0.4506991009576747,-0.9575692649685907,-0.4506991009576747
1.0,0.0,-0.02966534682828892,0.04215056793402305,-0.9703346531717111,-0.04215056793402305
1.0,0.0,-0.20223593442618193,0.383119378090665,-0.7977640655738181,-0.383119378090665
1.0,0.0,-0.09227199808970216,0.1318152479226967,-0.9077280019102978,-0.1318152479226967
1.0,0.0,-0.14145322765704463,0.313037522080548,-0.8585467723429554,-0.313037522080548
1.0,0.0,-0.0865091388724698,0.3430805624168067,-0.9134908611275302,-0.3430805624168067
1.0,0.0,-0.1368221508247483,0.02876845052080869,-0.8631778491752518,-0.02876845052080869
1.0,0.0,-0.11581975653385011,0.5925164087602695,-0.8841802434661499,-0.5925164087602695
1.0,0.0,-0.400041625975392,0.4196829800973467,-0.5999583740246079,-0.4196829800973467
1.0,0.0,-0.3547002400192112,0.27186765038606325,-0.6452997599807888,-0.27186765038606325
1.0,0.0,-0.27539926249661706,0.19612427132215143,-0.7246007375033829,-0.19612427132215143
1.0,0.0,-0.15320049894892895,0.14551239375373212,-0.846799501051071,-0.14551239375373212
1.0,0.0,-0.49405182581684487,0.8300046599668218,-0.5059481741831551,-0.8300046599668218
1.0,0.0,-0.39487127906941266,0.05701930527504437,-0.6051287209305873,-0.05701930527504437
1.0,0.0,-0.3104540650005279,0.14220427888481474,-0.6895459349994721,-0.14220427888481474
1.0,0.0,-0.07705028563208882,0.03250406854585455,-0.9229497143679112,-0.03250406854585455
1.0,0.0,-0.15175169955261392,0.17111141729891813,-0.8482483004473861,-0.17111141729891813
1.0,0.0,-0.13388377687856115,0.8975478549733574,-0.8661162231214389,-0.8975478549733574
1.0,0.0,-0.058032614124817916,0.048229707469631886,-0.941967385875182,-0.048229707469631886
1.0,0.0,-0.23531884547656454,0.5334008419479113,-0.7646811545234354,-0.5334008419479113
1.0,0.0,-0.02312441062728965,0.007299851927852569,-0.9768755893727104,-0.007299851927852569
1.0,0.0,-0.13801663041801715,0.20558135781458606,-0.8619833695819829,-0.20558135781458606
1.0,0.0,-0.25019082842911267,0.27371420897222215,-0.7498091715708873,-0.27371420897222215
1.0,0.0,-0.12162799101422123,0.0922001600447374,-0.8783720089857787,-0.0922001600447374
1.0,0.0,-0.08916479163575086,0.043437132018281734,-0.9108352083642491,-0.043437132018281734
1.0,0.0,-0.21041585292284182,0.3906278707357191,-0.7895841470771582,-0.3906278707357191
1.0,0.0,-0.2463655546934756,0.18970104609720406,-0.7536344453065245,-0.18970104609720406
1.0,0.0,-0.17098159052455708,0.14038499700607848,-0.8290184094754429,-0.14038499700607848
1.0,0.0,-0.45113422258274294,0.24127335048587964,-0.5488657774172571,-0.24127335048587964
1.0,0.0,-0.013747336494897547,0.14319645953976026,-0.9862526635051024,-0.14319645953976026
1.0,0.0,-0.040517249259184,0.3348491618513581,-0.959482750740816,-0.3348491618513581
1.0,0.0,-0.4148251114262227,0.41687488015232044,-0.5851748885737773,-0.41687488015232044
1.0,0.0,-0.2707744778007446,0.8173329275824263,-0.7292255221992554,-0.8173329275824263
1.0,0.0,-0.11510154289001465,0.7960329682715461,-0.8848984571099854,-0.7960329682715461
1.0,0.0,-0.43297012638037374,0.026261651060725092,-0.5670298736196262,-0.026261651060725092
1.0,0.0,-0.06555734587720716,0.11752173637967286,-0.9344426541227928,-0.11752173637967286
1.0,0.0,-0.049857519108196496,0.3357961955010136,-0.9501424808918035,-0.3357961955010136
1.0,0.0,-0.07098519623706091,0.17851678809570232,-0.9290148037629391,-0.17851678809570232
1.0,0.0,-0.09265979026139995,0.17706851439547144,-0.9073402097386001,-0.17706851439547144
1.0,0.0,-0.17533436180185885,0.26055998127722835,-0.8246656381981412,-0.26055998127722835
1.0,0.0,-0.16698368199629848,0.5056927217334549,-0.8330163180037016,-0.5056927217334549
1.0,0.0,-0.11267895169918805,0.33235457967156695,-0.8873210483008119,-0.33235457967156695
1.0,0.0,-0.22974446186314765,0.6920072588495922,-0.7702555381368523,-0.6920072588495922
1.0,0.0,-0.3571757487672659,0.5576346919364704,-0.6428242512327341,-0.5576346919364704
1.0,0.0,-0.28140406159905856,0.7468738463591688,-0.7185959384009415,-0.7468738463591688
1.0,0.0,-0.39536719580197194,0.15236220039639767,-0.604632804198028,-0.15236220039639767
1.0,0.0,-0.17027995835158322,0.10769735999348841,-0.8297200416484167,-0.10769735999348841
1.0,0.0,-0.0069211472610609115,0.010212067456734567,-0.9930788527389391,-0.010212067456734567
1.0,0.0,-0.23128809705101533,0.024912891101306088,-0.7687119029489846,-0.024912891101306088
1.0,0.0,-0.3985111145790386,0.5345239633909331,-0.6014888854209615,-0.5345239633909331
1.0,0.0,-0.030990428926552627,0.04431592252996946,-0.9690095710734474,-0.04431592252996946
1.0,0.0,-0.0021567730724697835,0.044397255990670494,-0.9978432269275302,-0.044397255990670494
1.0,0.0,-0.21136223171703267,0.1895636124597247,-0.7886377682829673,-0.1895636124597247
1.0,0.0,-0.05021201713366908,0.9552689834591229,-0.9497879828663309,-0.9552689834591229
1.0,0.0,-0.3166030880495148,0.20333966200011094,-0.6833969119504852,-0.20333966200011094
1.0,0.0,-0.08478946186535385,0.1035138914833402,-0.9152105381346461,-0.1035138914833402
1.0,0.0,-0.2815560183233309,0.4432011438574932,-0.7184439816766691,-0.4432011438574932
1.0,0.0,-0.11378312776462124,0.06328297798085117,-0.8862168722353787,-0.06328297798085117
1.0,0.0,-0.36750880469264563,0.5584500787588109,-0.6324911953073544,-0.5584500787588109
1.0,0.0,-0.023708855186544447,0.056901150221584436,-0.9762911448134556,-0.056901150221584436
1.0,0.0,-0.04984422420275464,0.028315854641172623,-0.9501557757972454,-0.028315854641172623
1.0,0.0,-0.017175287184569697,0.08358747889206138,-0.9828247128154303,-0.08358747889206138
1.0,0.0,-0.2032962662544955,0.6692174406804188,-0.7967037337455045,-0.6692174406804188
1.0,0.0,-0.11431659218566276,0.06925591549105574,-0.8856834078143372,-0.06925591549105574
1.0,0.0,-0.1983343153198625,0.12057639996347928,-0.8016656846801375,-0.12057639996347928
1.0,0.0,-0.016766938813098105,0.12737255289562982,-0.9832330611869019,-0.12737255289562982
1.0,0.0,-0.06539336315441613,0.008781649923886782,-0.9346066368455839,-0.008781649923886782
1.0,0.0,-0.22908400815212943,0.12513514730219097,-0.7709159918478705,-0.12513514730219097
1.0,0.0,-0.24254366085905713,0.6243721433706501,-0.7574563391409429,-0.6243721433706501
1.0,0.0,-0.08302903252233723,0.13479814903574158,-0.9169709674776627,-0.13479814903574158
1.0,0.0,-0.12819567118661995,0.35205836867475093,-0.8718043288133801,-0.35205836867475093
1.0,0.0,-0.2814702727240343,0.9151073012336135,-0.7185297272759656,-0.9151073012336135
1.0,0.0,-0.10473513686415203,0.11408462562794112,-0.895264863135848,-0.11408462562794112
1.0,0.0,-0.20142744781558458,0.15407245260692154,-0.7985725521844154,-0.15407245260692154
1.0,0.0,-0.14183420058011606,0.35728024795005114,-0.8581657994198839,-0.35728024795005114
1.0,0.0,-0.30262067059641035,0.4311459389336385,-0.6973793294035897,-0.4311459389336385
1.0,0.0,-0.0681026580655171,0.3188033203743701,-0.9318973419344829,-0.3188033203743701
1.0,0.0,-0.12023904789434081,0.015431552343764823,-0.8797609521056592,-0.015431552343764823
1.0,0.0,-0.18591867556337244,0.1779808894406655,-0.8140813244366276,-0.1779808894406655
1.0,0.0,-0.3053813581066572,0.18329988349144682,-0.6946186418933429,-0.18329988349144682
1.0,0.0,-0.21772941211182828,0.5348406406684089,-0.7822705878881717,-0.5348406406684089
1.0,0.0,-0.20066035924882236,0.7733042353731258,-0.7993396407511777,-0.7733042353731258
1.0,0.0,-0.11387519776187983,0.483842685823513,-0.8861248022381202,-0.483842685823513
1.0,0.0,-0.33846226163901677,0.22652652049386698,-0.6615377383609833,-0.22652652049386698
1.0,0.0,-0.26287144535115836,0.28974349811367195,-0.7371285546488416,-0.28974349811367195
1.0,0.0,-0.43591806304813263,0.28781383925025805,-0.5640819369518674,-0.28781383925025805
1.0,0.0,-0.063351434073041,0.09545534547941477,-0.936648565926959,-0.09545534547941477
1.0,0.0,-0.23746312852506324,0.36760204330025253,-0.7625368714749368,-0.36760204330025253
1.0,0.0,-0.29506801987530895,0.615002415268657,-0.704931980124691,-0.615002415268657
1.0,0.0,-0.18836817427606833,0.013103053219733086,-0.8116318257239317,-0.013103053219733086
1.0,0.0,-0.2300685409236044,0.23002833064984993,-0.7699314590763956,-0.23002833064984993
1.0,0.0,-0.01489402383635819,0.2515701582775734,-0.9851059761636418,-0.2515701582775734
1.0,0.0,-0.049211311132412394,0.811289046838639,-0.9507886888675876,-0.811289046838639
1.0,0.0,-0.19505906097255965,0.1811272671773746,-0.8049409390274403,-0.1811272671773746
1.0,0.0,-0.0613802287186489,0.8237026507696121,-0.9386197712813511,-0.8237026507696121
1.0,0.0,-0.36967182455285347,0.5603407165667397,-0.6303281754471466,-0.5603407165667397
1.0,0.0,-0.3075223094462734,0.8901210525084793,-0.6924776905537267,-0.8901210525084793
1.0,0.0,-0.08754882085297683,0.060846696909287075,-0.9124511791470231,-0.060846696909287075
1.0,0.0,-0.21827021276403058,0.3073594497375151,-0.7817297872359694,-0.3073594497375151
1.0,0.0,-0.1422635023327159,0.7037828276600179,-0.8577364976672841,-0.7037828276600179
1.0,0.0,-0.4152971474700809,0.897709180304387,-0.5847028525299192,-0.897709180304387
1.0,0.0,-0.05640261545778763,0.021154725933513505,-0.9435973845422123,-0.021154725933513505
1.0,0.0,-0.12372907842514291,0.0005908114678120816,-0.8762709215748571,-0.0005908114678120816
1.0,0.0,-0.006822431671021716,0.14293902243464437,-0.9931775683289783,-0.14293902243464437
1.0,0.0,-0.4041969699623663,0.4994631666685408,-0.5958030300376337,-0.4994631666685408
1.0,0.0,-0.39063921881118757,0.10415862107156668,-0.6093607811888124,-0.10415862107156668
1.0,0.0,-0.06722222235735281,0.14617959327149144,-0.9327777776426471,-0.14617959327149144
1.0,0.0,-0.0025492170367562017,0.0024535177224910346,-0.9974507829632437,-0.0024535177224910346
1.0,0.0,-0.012152414342968963,0.3266749819955126,-0.987847585657031,-0.3266749819955126
1.0,0.0,-0.292708258236747,0.3998208281225753,-0.7072917417632529,-0.3998208281225753
1.0,0.0,-0.06682175654780159,0.05913003520845446,-0.9331782434521985,-0.05913003520845446
1.0,0.0,-0.49575097218328135,0.7010724014337728,-0.5042490278167187,-0.7010724014337728
1.0,0.0,-0.01121100370170764,0.08842484102467867,-0.9887889962982923,-0.08842484102467867
1.0,0.0,-0.09799396403303073,0.2619379538343225,-0.9020060359669693,-0.2619379538343225
1.0,0.0,-0.12399530501277926,0.41399591092199073,-0.8760046949872208,-0.41399591092199073
1.0,0.0,-0.12700068196401904,0.20063121937818273,-0.872999318035981,-0.20063121937818273
1.0,0.0,-0.0077943652273277375,0.0028990518149822285,-0.9922056347726722,-0.0028990518149822285
1.0,0.0,-0.4409422482333432,0.49614102158129986,-0.5590577517666568,-0.49614102158129986
1.0,0.0,-0.3699730730543692,0.3253531912126803,-0.6300269269456308,-0.3253531912126803
1.0,0.0,-0.48256788594973105,0.23125504690612084,-0.5174321140502689,-0.23125504690612084
1.0,0.0,-0.04678042789020854,0.5108432733064722,-0.9532195721097915,-0.5108432733064722
1.0,0.0,-0.4942178434086132,0.7363181476640879,-0.5057821565913868,-0.7363181476640879
1.0,0.0,-0.117037217142611,0.1422576006383093,-0.8829627828573889,-0.1422576006383093
1.0,0.0,-0.11526459775471294,0.3163158429022372,-0.884735402245287,-0.3163158429022372
1.0,0.0,-0.22230737494245234,0.0707449399868029,-0.7776926250575477,-0.0707449399868029
1.0,0.0,-0.024713507963878556,0.03166805814236908,-0.9752864920361215,-0.03166805814236908
1.0,0.0,-0.11510688888853127,0.19880659866295944,-0.8848931111114687,-0.19880659866295944
1.0,0.0,-0.27320731237354673,0.008574179059816115,-0.7267926876264532,-0.008574179059816115
1.0,0.0,-0.4749457614745904,0.21302514232353395,-0.5250542385254096,-0.21302514232353395
1.0,0.0,-0.1127675319884171,0.17703384886103654,-0.8872324680115828,-0.17703384886103654
1.0,0.0,-0.08367161983377469,0.1102728792372369,-0.9163283801662253,-0.1102728792372369
1.0,0.0,-0.2933438672738289,0.4403720941799641,-0.7066561327261711,-0.4403720941799641
1.0,0.0,-0.3349628314659446,0.3815873538135003,-0.6650371685340555,-0.3815873538135003
1.0,0.0,-0.31298587204062683,0.03886555317798256,-0.6870141279593731,-0.03886555317798256
1.0,0.0,-0.22146014599858377,0.18903424800751195,-0.7785398540014162,-0.18903424800751195
1.0,0.0,-0.3170739726080755,0.48448972751401986,-0.6829260273919244,-0.48448972751401986
1.0,0.0,-0.30239364468013985,0.4868470439646997,-0.6976063553198601,-0.4868470439646997
1.0,0.0,-0.0778737635372237,0.042320124302430685,-0.9221262364627762,-0.042320124302430685
1.0,0.0,-0.37938837824641053,0.3167189115944524,-0.6206116217535895,-0.3167189115944524
1.0,0.0,-0.00014925954236190474,0.0036317466535717375,-0.9998507404576381,-0.0036317466535717375
1.0,0.0,-0.46202334571125037,0.41999585099301495,-0.5379766542887496,-0.41999585099301495
1.0,0.0,-0.024816416667623308,0.05650318522586804,-0.9751835833323766,-0.05650318522586804
1.0,0.0,-0.16649528105292177,0.09761856027973452,-0.8335047189470782,-0.09761856027973452
1.0,0.0,-0.07774721613575715,0.2638928537514766,-0.9222527838642428,-0.2638928537514766
1.0,0.0,-0.31831504370057845,0.2640849425598428,-0.6816849562994216,-0.2640849425598428
1.0,0.0,-0.04642172519853072,0.03188380408040433,-0.9535782748014693,-0.03188380408040433
1.0,0.0,-0.3674808771560941,0.012268544883725297,-0.6325191228439059,-0.012268544883725297
1.0,0.0,-0.0822777565596714,0.12617975792413869,-0.9177222434403286,-0.12617975792413869
1.0,0.0,-0.08787848640893958,0.014814630185431391,-0.9121215135910604,-0.014814630185431391
1.0,0.0,-0.005462162697101685,0.10523002208481516,-0.9945378373028984,-0.10523002208481516
1.0,0.0,-0.23730656569085465,0.46747415672408266,-0.7626934343091454,-0.46747415672408266
1.0,0.0,-0.0223713248378532,0.010186227840496052,-0.9776286751621468,-0.010186227840496052
1.0,0.0,-0.10296778442212257,0.06073455557967988,-0.8970322155778774,-0.06073455557967988
1.0,0.0,-0.4190044275547935,0.5574651880017779,-0.5809955724452065,-0.5574651880017779
1.0,0.0,-0.32112814246730026,0.1193543841023547,-0.6788718575326997,-0.1193543841023547
1.0,0.0,-0.02274369048890379,0.016762514333135064,-0.9772563095110962,-0.016762514333135064
1.0,0.0,-0.10798106309824079,0.16595697976906798,-0.8920189369017593,-0.16595697976906798
1.0,0.0,-0.03231450959807954,0.25503559027076783,-0.9676854904019204,-0.25503559027076783
1.0,0.0,-0.03863518793605725,0.01018867689798813,-0.9613648120639428,-0.01018867689798813
1.0,0.0,-0.1735183310747873,0.3123604791063,-0.8264816689252127,-0.3123604791063
1.0,0.0,-0.3467662555465699,0.4806191810538973,-0.6532337444534301,-0.4806191810538973
1.0,0.0,-0.32919783305896205,0.4163375858667685,-0.670802166941038,-0.4163375858667685
1.0,0.0,-0.25452041418816496,0.5396253344617397,-0.745479585811835,-0.5396253344617397
1.0,0.0,-0.34979610295043356,0.5816899215270298,-0.6502038970495665,-0.5816899215270298
1.0,0.0,-0.31727930174729857,0.9382961212808709,-0.6827206982527014,-0.9382961212808709
1.0,0.0,-0.33943984546686684,0.4903884915520719,-0.6605601545331332,-0.4903884915520719
1.0,0.0,-0.4852044440845097,0.7557062108729401,-0.5147955559154903,-0.7557062108729401
1.0,0.0,-0.46820236438531854,0.17507083347031074,-0.5317976356146814,-0.17507083347031074
1.0,0.0,-0.05234855170121483,0.07839833721830163,-0.9476514482987852,-0.07839833721830163
1.0,0.0,-0.007070029302715182,0.9651021242326963,-0.9929299706972848,-0.9651021242326963
1.0,0.0,-0.005910548468020381,0.06597476798570165,-0.9940894515319796,-0.06597476798570165
1.0,0.0,-0.16485780015438772,0.02848910485215833,-0.8351421998456123,-0.02848910485215833
1.0,0.0,-0.005684923703106818,0.22844145541551988,-0.9943150762968932,-0.22844145541551988
1.0,0.0,-0.46822786164765967,0.35185325595615957,-0.5317721383523404,-0.35185325595615957
1.0,0.0,-0.408920032131997,0.6411896247512935,-0.591079967868003,-0.6411896247512935
1.0,0.0,-0.430368109637691,0.7888880861993326,-0.569631890362309,-0.7888880861993326
1.0,0.0,-0.4385342609051414,0.36933454369016727,-0.5614657390948585,-0.36933454369016727
1.0,0.0,-0.35778158956952016,0.4575872859085166,-0.6422184104304798,-0.4575872859085166
1.0,0.0,-0.11152951791562227,0.10295518656582087,-0.8884704820843777,-0.10295518656582087
1.0,0.0,-0.2818378565846661,0.29084311291031134,-0.7181621434153339,-0.29084311291031134
1.0,0.0,-0.355687693849309,0.5142869415879237,-0.644312306150691,-0.5142869415879237
1.0,0.0,-0.3194427227066733,0.40385909754381255,-0.6805572772933267,-0.40385909754381255
1.0,0.0,-0.20777175859483227,0.19809994734701872,-0.7922282414051678,-0.19809994734701872
1.0,0.0,-0.30260305911051494,0.22708404341953967,-0.6973969408894851,-0.22708404341953967
1.0,0.0,-0.41500478997667156,0.6701140526403492,-0.5849952100233284,-0.6701140526403492
1.0,0.0,-0.08462335630858503,0.01031246339267918,-0.915376643691415,-0.01031246339267918
1.0,0.0,-0.12700592521737214,0.13748190116423226,-0.8729940747826279,-0.13748190116423226
1.0,0.0,-0.11445794430766082,0.38603238286745223,-0.8855420556923392,-0.38603238286745223
1.0,0.0,-0.36052443288268304,0.616632719111033,-0.6394755671173169,-0.616632719111033
1.0,0.0,-0.10623197633539766,0.08278016863380908,-0.8937680236646024,-0.08278016863380908
1.0,0.0,-0.3695662398284997,0.4668083974974191,-0.6304337601715003,-0.4668083974974191
1.0,0.0,-0.23729773244688238,0.7533423865468091,-0.7627022675531177,-0.7533423865468091
1.0,0.0,-0.4505419734355238,0.7129187155959286,-0.5494580265644762,-0.7129187155959286
1.0,0.0,-0.2819938813365004,0.14942827338433654,-0.7180061186634996,-0.14942827338433654
1.0,0.0,-0.2877340602309142,0.4447623419473461,-0.7122659397690858,-0.4447623419473461
1.0,0.0,-0.2932720648200355,0.18502981833933269,-0.7067279351799645,-0.18502981833933269
1.0,0.0,-0.04451605399434055,0.7267458326574507,-0.9554839460056594,-0.7267458326574507
1.0,0.0,-0.36630845034833626,0.4685255986469897,-0.6336915496516637,-0.4685255986469897
1.0,0.0,-0.3648721415283022,0.44963951584417755,-0.6351278584716977,-0.44963951584417755
1.0,0.0,-0.4586645836522735,0.6377504228992457,-0.5413354163477264,-0.6377504228992457
1.0,0.0,-0.1805356227534138,0.4615057203555857,-0.8194643772465862,-0.4615057203555857
1.0,0.0,-0.14371514157025195,0.13706260950624458,-0.856284858429748,-0.13706260950624458
1.0,0.0,-0.4706694197849096,0.05981010768246688,-0.5293305802150904,-0.05981010768246688
1.0,0.0,-0.30428934080366093,0.9238468822789763,-0.6957106591963391,-0.9238468822789763
1.0,0.0,-0.12757371541243245,0.13025935003109268,-0.8724262845875675,-0.13025935003109268
1.0,0.0,-0.2333122507145129,0.37162173622532974,-0.7666877492854871,-0.37162173622532974
1.0,0.0,-0.20993208786430434,0.030475717932501145,-0.7900679121356957,-0.030475717932501145
1.0,0.0,-0.3909523407590787,0.6379309659442011,-0.6090476592409213,-0.6379309659442011
1.0,0.0,-0.4042324311835986,0.11029950563568518,-0.5957675688164015,-0.11029950563568518
1.0,0.0,-0.01025306770571377,0.010030341010346134,-0.9897469322942862,-0.010030341010346134
1.0,0.0,-0.10869147852518316,0.5391043205965099,-0.8913085214748169,-0.5391043205965099
1.0,0.0,-0.35206131402666313,0.5616563265429185,-0.6479386859733369,-0.5616563265429185
1.0,0.0,-0.1188517538789382,0.09045373501958105,-0.8811482461210618,-0.09045373501958105
1.0,0.0,-0.17928125595246225,0.21277577648066281,-0.8207187440475378,-0.21277577648066281
1.0,0.0,-0.3008834318856135,0.0380252159037371,-0.6991165681143865,-0.0380252159037371
1.0,0.0,-0.16127844014088183,0.08385149895814463,-0.8387215598591182,-0.08385149895814463
1.0,0.0,-0.0012782050965543393,0.035286899753755215,-0.9987217949034457,-0.035286899753755215
1.0,0.0,-0.18875495887986316,0.7166233975539189,-0.8112450411201368,-0.7166233975539189
1.0,0.0,-0.268061562408808,0.7942690244133277,-0.7319384375911919,-0.7942690244133277
1.0,0.0,-0.10389402576039032,0.4095705571286166,-0.8961059742396097,-0.4095705571286166
1.0,0.0,-0.3584748430390671,0.5430870131394608,-0.6415251569609328,-0.5430870131394608
1.0,0.0,-0.008623995637577653,0.0018811135207973692,-0.9913760043624223,-0.0018811135207973692
1.0,0.0,-0.36887869934260964,0.4126550760722303,-0.6311213006573904,-0.4126550760722303
1.0,0.0,-0.3294838874563617,0.413500334169481,-0.6705161125436383,-0.413500334169481
1.0,0.0,-0.009192752190300784,0.17687158432757444,-0.9908072478096992,-0.17687158432757444
1.0,0.0,-0.4332568687597809,0.33553442567072583,-0.5667431312402191,-0.33553442567072583
1.0,0.0,-0.4168998008566481,0.4220261491866327,-0.583100199143352,-0.4220261491866327
1.0,0.0,-0.4963626287276799,0.03137526033887649,-0.5036373712723201,-0.03137526033887649
1.0,0.0,-0.0542862437929017,0.015434953365409138,-0.9457137562070983,-0.015434953365409138
1.0,0.0,-0.3906756997459315,0.27740745578900344,-0.6093243002540685,-0.27740745578900344
1.0,0.0,-2.488137968523485e-05,0.0005782321152771773,-0.9999751186203147,-0.0005782321152771773
1.0,0.0,-0.06926159617993752,0.5897901501215725,-0.9307384038200625,-0.5897901501215725
1.0,0.0,-0.20186648497445436,0.07312524234521277,-0.7981335150255456,-0.07312524234521277
1.0,0.0,-0.03401490494573425,0.5886740286484772,-0.9659850950542658,-0.5886740286484772
1.0,0.0,-0.4017182364404106,0.6239301698137738,-0.5982817635595894,-0.6239301698137738
1.0,0.0,-0.018188020427201967,0.021212060086861467,-0.981811979572798,-0.021212060086861467
1.0,0.0,-0.029670561614656088,0.03551191865726743,-0.9703294383853439,-0.03551191865726743
1.0,0.0,-0.20615202419958595,0.22673061994154498,-0.793847975800414,-0.22673061994154498
1.0,0.0,-0.00701510499783312,0.01669383520555662,-0.9929848950021669,-0.01669383520555662
1.0,0.0,-0.0002290113300916264,0.0009694167965064032,-0.9997709886699083,-0.0009694167965064032
1.0,0.0,-0.03501965831679438,0.045905245719439956,-0.9649803416832057,-0.045905245719439956
1.0,0.0,-0.10308847216284361,0.09846710909777616,-0.8969115278371564,-0.09846710909777616
1.0,0.0,-0.2669231616299938,0.5036998993486969,-0.7330768383700061,-0.5036998993486969
1.0,0.0,-0.39476140046946484,0.4792566841874135,-0.6052385995305352,-0.4792566841874135
1.0,0.0,-0.20962748507065482,0.6438088135245028,-0.7903725149293452,-0.6438088135245028
1.0,0.0,-0.09969451725427106,0.19082619303170595,-0.900305482745729,-0.19082619303170595
1.0,0.0,-0.07091825871357454,0.09414838878554127,-0.9290817412864254,-0.09414838878554127
1.0,0.0,-0.22620979144505443,0.2790720569460247,-0.7737902085549455,-0.2790720569460247
1.0,0.0,-0.025133877330148595,0.05491302795868657,-0.9748661226698514,-0.05491302795868657
1.0,0.0,-0.06988416845908524,0.5151292456181493,-0.9301158315409148,-0.5151292456181493
1.0,0.0,-0.12654015223282705,0.04166314414178403,-0.8734598477671729,-0.04166314414178403
1.0,0.0,-0.3938255506390279,0.37433932956913746,-0.6061744493609721,-0.37433932956913746
1.0,0.0,-0.29892784966867536,0.2983939875508307,-0.7010721503313246,-0.2983939875508307
1.0,0.0,-0.13853512384577998,0.11637182555138698,-0.8614648761542201,-0.11637182555138698
1.0,0.0,-0.09500131475230951,0.17607943699672918,-0.9049986852476904,-0.17607943699672918
1.0,0.0,-0.20583885603810448,0.26410869003117426,-0.7941611439618955,-0.26410869003117426
1.0,0.0,-0.25258229172819185,0.40002836089967203,-0.7474177082718081,-0.40002836089967203
1.0,0.0,-0.3536894649215728,0.1545574915802298,-0.6463105350784272,-0.1545574915802298
1.0,0.0,-0.21893375452911468,0.7320194366720814,-0.7810662454708853,-0.7320194366720814
1.0,0.0,-0.017140584515062115,0.08659297114121607,-0.9828594154849379,-0.08659297114121607
1.0,0.0,-0.0799668216689079,0.10649992975286254,-0.9200331783310921,-0.10649992975286254
1.0,0.0,-0.14808497950000393,0.11768328964997858,-0.8519150204999961,-0.11768328964997858
1.0,0.0,-0.0832696630758279,0.08339214359844238,-0.9167303369241722,-0.08339214359844238
1.0,0.0,-0.09191527653085807,0.2412132133441332,-0.9080847234691419,-0.2412132133441332
1.0,0.0,-0.02604794511173253,0.01427820428433868,-0.9739520548882674,-0.01427820428433868
1.0,0.0,-0.45919376426434133,0.2731451446456071,-0.5408062357356587,-0.2731451446456071
1.0,0.0,-0.1870908228212753,0.8613485591955381,-0.8129091771787247,-0.8613485591955381
1.0,0.0,-0.02579833677783597,0.672067685901914,-0.9742016632221641,-0.672067685901914
1.0,0.0,-0.15433938389546142,0.25729649130595367,-0.8456606161045386,-0.25729649130595367
1.0,0.0,-0.23148459920369435,0.26042976371935245,-0.7685154007963056,-0.26042976371935245
1.0,0.0,-0.056966367258698566,0.11255359793599005,-0.9430336327413015,-0.11255359793599005
1.0,0.0,-0.03819738569368779,0.25512832602127167,-0.9618026143063122,-0.25512832602127167
1.0,0.0,-0.19713682935625426,0.324891442400477,-0.8028631706437457,-0.324891442400477
1.0,0.0,-0.11668956109702688,0.04619319402047285,-0.8833104389029731,-0.04619319402047285
1.0,0.0,-0.2312080155068318,0.18214292782485608,-0.7687919844931682,-0.18214292782485608
1.0,0.0,-0.43333265020068035,0.38221411063410576,-0.5666673497993197,-0.38221411063410576
1.0,0.0,-0.017334404976853013,0.02860747170259192,-0.982665595023147,-0.02860747170259192
1.0,0.0,-0.3080914838830609,0.3844839334061586,-0.6919085161169392,-0.3844839334061586
1.0,0.0,-0.08582218524715324,0.14825301871325616,-0.9141778147528468,-0.14825301871325616
1.0,0.0,-0.03438985520311877,0.052116862931559975,-0.9656101447968812,-0.052116862931559975
1.0,0.0,-0.12752140607861284,0.1215274574712894,-0.8724785939213872,-0.1215274574712894
1.0,0.0,-0.2844093214415279,0.6544767601754149,-0.715590678558472,-0.6544767601754149
1.0,0.0,-0.38439938567908327,0.13570685617444464,-0.6156006143209167,-0.13570685617444464
1.0,0.0,-0.4380318545699636,0.6675707855668042,-0.5619681454300365,-0.6675707855668042
1.0,0.0,-0.2533210169481875,0.4085689804708461,-0.7466789830518126,-0.4085689804708461
1.0,0.0,-0.026320012908478716,0.09716639805731511,-0.9736799870915213,-0.09716639805731511
1.0,0.0,-0.43496445908192444,0.40101623917509377,-0.5650355409180756,-0.40101623917509377
1.0,0.0,-0.0968051646390302,0.2085326545680934,-0.9031948353609698,-0.2085326545680934
1.0,0.0,-0.4496792954327152,0.17966359301186097,-0.5503207045672849,-0.17966359301186097
1.0,0.0,-0.19497845621660378,0.9029768573517473,-0.8050215437833962,-0.9029768573517473
1.0,0.0,-0.2751613007539561,0.2884642332860705,-0.7248386992460438,-0.2884642332860705
1.0,0.0,-0.17392596440846325,0.12946539356030365,-0.8260740355915368,-0.12946539356030365
1.0,0.0,-0.38632716592124905,0.5847746253295297,-0.613672834078751,-0.5847746253295297
1.0,0.0,-0.45589010712551475,0.5862517226887133,-0.5441098928744852,-0.5862517226887133
1.0,0.0,-0.029427421653880778,0.17293413663865392,-0.9705725783461192,-0.17293413663865392
1.0,0.0,-0.027794433281174338,0.7499804789068355,-0.9722055667188256,-0.7499804789068355
1.0,0.0,-0.4977378570849142,0.626594156419717,-0.5022621429150858,-0.626594156419717
1.0,0.0,-0.4237027842703364,0.09670387464249798,-0.5762972157296635,-0.09670387464249798
1.0,0.0,-0.12404502797743369,0.4730522217405888,-0.8759549720225663,-0.4730522217405888
1.0,0.0,-0.042745929636884394,0.04576464930114451,-0.9572540703631156,-0.04576464930114451
1.0,0.0,-0.3623806265324315,0.5101119096272917,-0.6376193734675685,-0.5101119096272917
1.0,0.0,-0.311180110722133,0.5343447260324742,-0.688819889277867,-0.5343447260324742
1.0,0.0,-0.39769708777222246,0.36169647466337024,-0.6023029122277775,-0.36169647466337024
1.0,0.0,-0.27686902440038524,0.3250087308684933,-0.7231309755996147,-0.3250087308684933
1.0,0.0,-0.024089270780983094,0.24173264663205002,-0.9759107292190169,-0.24173264663205002
1.0,0.0,-0.37162192883031736,0.2252301995007043,-0.6283780711696827,-0.2252301995007043
1.0,0.0,-0.3964210615466828,0.2758385696818643,-0.6035789384533172,-0.2758385696818643
1.0,0.0,-0.22018018548327783,0.2837910096444159,-0.7798198145167221,-0.2837910096444159
1.0,0.0,-0.13830669660922423,0.16573783624926441,-0.8616933033907758,-0.16573783624926441
1.0,0.0,-0.24587743880673624,0.18865430802738536,-0.7541225611932638,-0.18865430802738536
1.0,0.0,-0.08577934707738966,0.029535191663364463,-0.9142206529226103,-0.029535191663364463
1.0,0.0,-0.3460894287070845,0.45536150919034535,-0.6539105712929155,-0.45536150919034535
1.0,0.0,-0.34674883457423056,0.5310580763457508,-0.6532511654257694,-0.5310580763457508
1.0,0.0,-0.12011603030922735,0.6597946701845828,-0.8798839696907726,-0.6597946701845828
1.0,0.0,-0.32221815895793626,0.6312990157363607,-0.6777818410420637,-0.6312990157363607
1.0,0.0,-0.4360292024568751,0.6877838827191857,-0.563970797543125,-0.6877838827191857
1.0,0.0,-0.3979468660980415,0.46405019719697455,-0.6020531339019586,-0.46405019719697455
1.0,0.0,-0.12653258418552116,0.16004031867126664,-0.8734674158144788,-0.16004031867126664
1.0,0.0,-0.1672650766004871,0.9441273068041112,-0.8327349233995129,-0.9441273068041112
1.0,0.0,-0.01274382022006565,3.236570256442133e-05,-0.9872561797799344,-3.236570256442133e-05
1.0,0.0,-0.04425561680904784,0.30155984457363894,-0.9557443831909521,-0.30155984457363894
1.0,0.0,-0.058951449504576044,0.2850498064637265,-0.9410485504954239,-0.2850498064637265
1.0,0.0,-0.42665185054026755,0.2424094478809777,-0.5733481494597324,-0.2424094478809777
1.0,0.0,-0.33159952992470265,0.5090877133232755,-0.6684004700752973,-0.5090877133232755
1.0,0.0,-0.37819464542412995,0.3219341985584351,-0.62180535457587,-0.3219341985584351
1.0,0.0,-0.45082155184892914,0.4878393899579584,-0.5491784481510709,-0.4878393899579584
1.0,0.0,-0.39679009857062975,0.05964363788108716,-0.6032099014293703,-0.05964363788108716
1.0,0.0,-0.08558844397875853,0.385247671544682,-0.9144115560212415,-0.385247671544682
1.0,0.0,-0.25006274741713896,0.3473092806173268,-0.749937252582861,-0.3473092806173268
1.0,0.0,-0.21400532889903062,0.30930118272044616,-0.7859946711009693,-0.30930118272044616
1.0,0.0,-0.17211549477627025,0.07726438661316774,-0.8278845052237298,-0.07726438661316774
1.0,0.0,-0.07667250632680288,0.24454190146071297,-0.9233274936731971,-0.24454190146071297
1.0,0.0,-0.06497460010459248,0.1678508588836929,-0.9350253998954076,-0.1678508588836929
1.0,0.0,-0.3470014596867389,0.6140179586386986,-0.6529985403132611,-0.6140179586386986
1.0,0.0,-0.46449172042645004,0.5991207701584776,-0.53550827957355,-0.5991207701584776
1.0,0.0,-0.07238159488794915,0.11972571386454713,-0.9276184051120508,-0.11972571386454713
1.0,0.0,-0.13873593326307482,0.012944220891478,-0.8612640667369251,-0.012944220891478
1.0,0.0,-0.24730371367276516,0.27073119860023115,-0.7526962863272348,-0.27073119860023115
1.0,0.0,-0.1097021669729254,0.048756629224977845,-0.8902978330270745,-0.048756629224977845
1.0,0.0,-0.3027642625843442,0.17463252367687096,-0.6972357374156558,-0.17463252367687096
1.0,0.0,-0.2587029159053853,0.34469185502756094,-0.7412970840946147,-0.34469185502756094
1.0,0.0,-0.17184659022381454,0.1691800166322623,-0.8281534097761855,-0.1691800166322623
1.0,0.0,-0.04075279323901692,0.34126561553810736,-0.9592472067609831,-0.34126561553810736
1.0,0.0,-0.23911444435753326,0.3970362033092044,-0.7608855556424667,-0.3970362033092044
1.0,0.0,-0.07023906270756246,0.2721941849347956,-0.9297609372924376,-0.2721941849347956
1.0,0.0,-0.2444346580034965,0.3599430078886151,-0.7555653419965035,-0.3599430078886151
1.0,0.0,-0.0006233758992006791,0.012816648595605776,-0.9993766241007993,-0.012816648595605776
1.0,0.0,-0.06180497057650701,0.5299033778804371,-0.938195029423493,-0.5299033778804371
1.0,0.0,-0.32095806687111866,0.3844658054072743,-0.6790419331288813,-0.3844658054072743
1.0,0.0,-0.10208348866524453,0.17016899370908736,-0.8979165113347555,-0.17016899370908736
1.0,0.0,-0.11661271794542505,0.7340459531099174,-0.883387282054575,-0.7340459531099174
1.0,0.0,-0.1586839236545543,0.19240384678086425,-0.8413160763454457,-0.19240384678086425
1.0,0.0,-0.4027552300668795,0.714958322219168,-0.5972447699331205,-0.714958322219168
1.0,0.0,-0.03558323665855077,0.11468029118098683,-0.9644167633414492,-0.11468029118098683
1.0,0.0,-0.014191393370710625,0.006980496585686148,-0.9858086066292894,-0.006980496585686148
1.0,0.0,-0.2557438889799345,0.008623643859822196,-0.7442561110200655,-0.008623643859822196
1.0,0.0,-0.39588819298583633,0.42850210984710363,-0.6041118070141637,-0.42850210984710363
1.0,0.0,-0.4310328774168447,0.12418144635229313,-0.5689671225831553,-0.12418144635229313
1.0,0.0,-0.20021354069561342,0.16896790295673034,-0.7997864593043866,-0.16896790295673034
1.0,0.0,-0.14029678350575575,0.14128710553763518,-0.8597032164942442,-0.14128710553763518
1.0,0.0,-0.34342584442879454,0.6397292374927323,-0.6565741555712055,-0.6397292374927323
1.0,0.0,-0.47213630855331873,0.800860715843313,-0.5278636914466812,-0.800860715843313
1.0,0.0,-0.09330257395320163,0.04951123134283467,-0.9066974260467984,-0.04951123134283467
1.0,0.0,-0.052063152793273115,0.04254196319195898,-0.9479368472067269,-0.04254196319195898
1.0,0.0,-0.3964846630738585,0.08645194572889947,-0.6035153369261415,-0.08645194572889947
1.0,0.0,-0.3647433650339273,0.554184899905762,-0.6352566349660727,-0.554184899905762
1.0,0.0,-0.3021569113083334,0.2898397121376169,-0.6978430886916667,-0.2898397121376169
1.0,0.0,-0.28503479462347037,0.47965203861240296,-0.7149652053765296,-0.47965203861240296
1.0,0.0,-0.20421329301223118,0.2212285047250377,-0.7957867069877689,-0.2212285047250377
1.0,0.0,-0.13585933376502277,0.42202061434476984,-0.8641406662349772,-0.42202061434476984
1.0,0.0,-0.3221164832640539,0.13988282983715902,-0.677883516735946,-0.13988282983715902
1.0,0.0,-0.009716629639970498,0.014369078895220518,-0.9902833703600296,-0.014369078895220518
1.0,0.0,-0.3857164854592549,0.6212770793354498,-0.614283514540745,-0.6212770793354498
1.0,0.0,-0.47122524843324853,0.42612949251694693,-0.5287747515667515,-0.42612949251694693
1.0,0.0,-0.24698530041982292,0.06972779243487585,-0.7530146995801771,-0.06972779243487585
1.0,0.0,-0.4147867947834541,0.6938076220566846,-0.585213205216546,-0.6938076220566846
1.0,0.0,-0.2567447978712416,0.6155068233646797,-0.7432552021287584,-0.6155068233646797
1.0,0.0,-0.13951995624280597,0.2955223340395615,-0.860480043757194,-0.2955223340395615
1.0,0.0,-0.16689093250962034,0.07149655642910387,-0.8331090674903796,-0.07149655642910387
1.0,0.0,-0.12305154505235157,0.8634473413558369,-0.8769484549476484,-0.8634473413558369
1.0,0.0,-0.12710972030474715,0.052531780080226825,-0.8728902796952529,-0.052531780080226825
1.0,0.0,-0.17669254927309408,0.21021876931111375,-0.8233074507269059,-0.21021876931111375
1.0,0.0,-0.14563858079311093,0.19656636113846016,-0.8543614192068891,-0.19656636113846016
1.0,0.0,-0.30423147221928915,0.8344280103114322,-0.6957685277807109,-0.8344280103114322
1.0,0.0,-0.31592429308671277,0.5617273098726573,-0.6840757069132872,-0.5617273098726573
1.0,0.0,-0.3702347377847488,0.7537524427745572,-0.6297652622152512,-0.7537524427745572
1.0,0.0,-0.04754004824354295,0.2346040949456893,-0.952459951756457,-0.2346040949456893
1.0,0.0,-0.016472350285498167,0.30374815463782273,-0.9835276497145018,-0.30374815463782273
1.0,0.0,-0.046073831327108794,0.0571275935573503,-0.9539261686728913,-0.0571275935573503
1.0,0.0,-0.3468910903118603,0.19985767806806065,-0.6531089096881397,-0.19985767806806065
1.0,0.0,-0.30796669117083747,0.5141980329827315,-0.6920333088291626,-0.5141980329827315
1.0,0.0,-0.3150769344803761,0.037785828247501305,-0.6849230655196239,-0.037785828247501305
1.0,0.0,-0.016108792904441723,0.042489179084292616,-0.9838912070955583,-0.042489179084292616
1.0,0.0,-0.30344957385013377,0.2413150448248677,-0.6965504261498663,-0.2413150448248677
1.0,0.0,-0.056179689838463366,0.145050059335933,-0.9438203101615367,-0.145050059335933
1.0,0.0,-0.10740745878986024,0.18408220083299312,-0.8925925412101398,-0.18408220083299312
1.0,0.0,-0.39553409268849693,0.5443956978961018,-0.6044659073115031,-0.5443956978961018
1.0,0.0,-0.11665247591926318,0.9080943827138952,-0.8833475240807368,-0.9080943827138952
1.0,0.0,-0.0799489980131532,0.11388361253002122,-0.9200510019868469,-0.11388361253002122
1.0,0.0,-0.49535688780865,0.5800798107874214,-0.5046431121913499,-0.5800798107874214
1.0,0.0,-0.02019455317602675,0.04683636832846958,-0.9798054468239733,-0.04683636832846958
1.0,0.0,-0.059810848153280194,0.09628833677419374,-0.9401891518467198,-0.09628833677419374
1.0,0.0,-0.2012341438651563,0.3036661060362124,-0.7987658561348436,-0.3036661060362124
1.0,0.0,-0.2953822780390832,0.3967769767892416,-0.7046177219609169,-0.3967769767892416
1.0,0.0,-0.1654919914456161,0.1327098147380745,-0.8345080085543839,-0.1327098147380745
1.0,0.0,-0.35616933150839536,0.014847852970809351,-0.6438306684916046,-0.014847852970809351
1.0,0.0,-0.4849261755040307,0.10558400272889505,-0.5150738244959693,-0.10558400272889505
1.0,0.0,-0.20911925788197222,0.1946871645689015,-0.7908807421180277,-0.1946871645689015
1.0,0.0,-0.04060005590261152,0.6977515062502717,-0.9593999440973885,-0.6977515062502717
1.0,0.0,-0.42922374003820096,0.689075998762606,-0.570776259961799,-0.689075998762606
1.0,0.0,-0.08130465244583789,0.6088473211563555,-0.9186953475541622,-0.6088473211563555
1.0,0.0,-0.27264914112917565,0.162207680521939,-0.7273508588708244,-0.162207680521939
1.0,0.0,-0.19414173096209275,0.07558997005085014,-0.8058582690379072,-0.07558997005085014
1.0,0.0,-0.02166406765034791,0.3602931135986628,-0.9783359323496521,-0.3602931135986628
1.0,0.0,-0.20753631366976216,0.28455309628061964,-0.7924636863302379,-0.28455309628061964
1.0,0.0,-0.02213578241757352,0.21462905681242905,-0.9778642175824265,-0.21462905681242905
1.0,0.0,-0.09134866562880932,0.3921425405581888,-0.9086513343711907,-0.3921425405581888
1.0,0.0,-0.020956062623856297,0.052185126149989054,-0.9790439373761437,-0.052185126149989054
1.0,0.0,-0.16025797795822577,0.1642307279260175,-0.8397420220417742,-0.1642307279260175
1.0,0.0,-0.27355689568261193,0.10922592696482242,-0.726443104317388,-0.10922592696482242
1.0,0.0,-0.015271436405920356,0.07095327764155894,-0.9847285635940797,-0.07095327764155894
1.0,0.0,-0.36711582847687324,0.24333588745515405,-0.6328841715231268,-0.24333588745515405
1.0,0.0,-0.22356715934799992,0.14465669002560405,-0.776432840652,-0.14465669002560405
1.0,0.0,-0.25947758232126755,0.8639526787808025,-0.7405224176787324,-0.8639526787808025
1.0,0.0,-0.026692062395955174,0.04891104884097697,-0.9733079376040448,-0.04891104884097697
1.0,0.0,-0.1373229158281264,0.18054908270179965,-0.8626770841718736,-0.18054908270179965
1.0,0.0,-0.28543539450035055,0.0075723221926545,-0.7145646054996495,-0.0075723221926545
1.0,0.0,-0.3211926801294529,0.6265353427396446,-0.6788073198705471,-0.6265353427396446
1.0,0.0,-0.18131656390317166,0.4700862906084765,-0.8186834360968284,-0.4700862906084765
1.0,0.0,-0.003966694617454128,0.07661079034374722,-0.9960333053825459,-0.07661079034374722
1.0,0.0,-0.37096398350125953,0.24111306077371952,-0.6290360164987405,-0.24111306077371952
1.0,0.0,-0.42224138174389275,0.2990232819217573,-0.5777586182561072,-0.2990232819217573
1.0,0.0,-0.12317959166347348,0.18635595769341462,-0.8768204083365265,-0.18635595769341462
1.0,0.0,-0.44932950887265666,0.6496709032603379,-0.5506704911273433,-0.6496709032603379
1.0,0.0,-0.03617681300874115,0.008123267427861312,-0.9638231869912588,-0.008123267427861312
1.0,0.0,-0.05524306348302239,0.12126715210020075,-0.9447569365169776,-0.12126715210020075
1.0,0.0,-0.00931448743090968,0.027764766166200033,-0.9906855125690903,-0.027764766166200033
1.0,0.0,-0.30560546340714334,0.4245191410143686,-0.6943945365928567,-0.4245191410143686
1.0,0.0,-0.10958958816819302,0.3905706151042121,-0.890410411831807,-0.3905706151042121
1.0,0.0,-0.4598455771824611,0.6417227583416137,-0.5401544228175389,-0.6417227583416137
1.0,0.0,-0.043301174271108356,0.04295105878561533,-0.9566988257288916,-0.04295105878561533
1.0,0.0,-0.2942476592032786,0.276276208428765,-0.7057523407967214,-0.276276208428765
1.0,0.0,-0.3569028240421151,0.4374364883533856,-0.643097175957885,-0.4374364883533856
1.0,0.0,-0.005981197280560015,0.04389120887881016,-0.99401880271944,-0.04389120887881016
1.0,0.0,-0.48438669782981775,0.47507973929336933,-0.5156133021701823,-0.47507973929336933
1.0,0.0,-0.35496126411656226,0.3703312040109345,-0.6450387358834377,-0.3703312040109345
1.0,0.0,-0.3390949374256245,0.5532834407189952,-0.6609050625743755,-0.5532834407189952
1.0,0.0,-0.033711558447812484,0.005060233415795754,-0.9662884415521875,-0.005060233415795754
1.0,0.0,-0.0956216403970323,0.032746939549304424,-0.9043783596029678,-0.032746939549304424
1.0,0.0,-0.28187766496875644,0.4610886652451425,-0.7181223350312436,-0.4610886652451425
1.0,0.0,-0.004445243264770984,0.09888897749734862,-0.995554756735229,-0.09888897749734862
1.0,0.0,-0.22384538505909896,0.3570364000319398,-0.7761546149409011,-0.3570364000319398
1.0,0.0,-0.4078944927411651,0.4302334384801435,-0.5921055072588348,-0.4302334384801435
1.0,0.0,-0.2043887169367356,0.1253462418697718,-0.7956112830632645,-0.1253462418697718
1.0,0.0,-0.25031350690208437,0.38192285209661914,-0.7496864930979157,-0.38192285209661914
1.0,0.0,-0.36383801442543773,0.3572159882028156,-0.6361619855745623,-0.3572159882028156
1.0,0.0,-0.28759658758140255,0.3751607970232474,-0.7124034124185974,-0.3751607970232474
1.0,0.0,-0.13358019395348586,0.3741625715290026,-0.8664198060465141,-0.3741625715290026
1.0,0.0,-0.28214443175732024,0.44654122748821024,-0.7178555682426797,-0.44654122748821024
1.0,0.0,-0.2941530540170663,0.3015223142984626,-0.7058469459829337,-0.3015223142984626
1.0,0.0,-0.15768191799874032,0.8300077013014834,-0.8423180820012597,-0.8300077013014834
1.0,0.0,-0.1767243970402728,0.39098622953583384,-0.8232756029597272,-0.39098622953583384
1.0,0.0,-0.2843514291223666,0.8595858967853001,-0.7156485708776334,-0.8595858967853001
1.0,0.0,-0.024668268624433397,0.1871133107808399,-0.9753317313755666,-0.1871133107808399
1.0,0.0,-0.12490905887938425,0.19199377067043494,-0.8750909411206158,-0.19199377067043494
1.0,0.0,-0.08182443023273828,0.06217743344894412,-0.9181755697672618,-0.06217743344894412
1.0,0.0,-0.16826783708384097,0.26276847179420404,-0.831732162916159,-0.26276847179420404
1.0,0.0,-0.2675201786290303,0.4601080359629718,-0.7324798213709697,-0.4601080359629718
1.0,0.0,-0.19247765889325424,0.08952645867387216,-0.8075223411067458,-0.08952645867387216
1.0,0.0,-0.06828803321155191,0.05073569881992246,-0.9317119667884481,-0.05073569881992246
1.0,0.0,-0.1423598517533461,0.43389027665914837,-0.8576401482466539,-0.43389027665914837
1.0,0.0,-0.27019687896148614,0.08110067991230055,-0.7298031210385139,-0.08110067991230055
1.0,0.0,-0.12476681636372866,0.2020768939785393,-0.8752331836362713,-0.2020768939785393
1.0,0.0,-0.41818519562238926,0.5174367798627485,-0.5818148043776108,-0.5174367798627485
1.0,0.0,-0.12023979241225602,0.00044126862773340625,-0.879760207587744,-0.00044126862773340625
1.0,0.0,-0.24028780369791325,0.28125044430330975,-0.7597121963020868,-0.28125044430330975
1.0,0.0,-0.011893386346013033,0.0808912036629537,-0.988106613653987,-0.0808912036629537
1.0,0.0,-0.49508234755430985,0.6978136085632543,-0.5049176524456902,-0.6978136085632543
1.0,0.0,-0.026760556430278488,0.3577820994957347,-0.9732394435697215,-0.3577820994957347
1.0,0.0,-0.191253542033895,0.35741632084880137,-0.808746457966105,-0.35741632084880137
1.0,0.0,-0.2146869765903266,0.146845458577331,-0.7853130234096735,-0.146845458577331
1.0,0.0,-0.043555041086451494,0.3931422225841901,-0.9564449589135485,-0.3931422225841901
1.0,0.0,-0.008487002850826904,0.074552094766073,-0.9915129971491731,-0.074552094766073
1.0,0.0,-0.40387416072821697,0.6760680412205586,-0.596125839271783,-0.6760680412205586
1.0,0.0,-0.4065592832010886,0.5036142861269307,-0.5934407167989114,-0.5036142861269307
1.0,0.0,-0.020275797351884728,0.026461063562552505,-0.9797242026481152,-0.026461063562552505
1.0,0.0,-0.02711315150917403,0.41341330851986474,-0.972886848490826,-0.41341330851986474
1.0,0.0,-0.4144839745234651,0.13381059638975928,-0.5855160254765349,-0.13381059638975928
1.0,0.0,-0.03503135072725361,0.056640919972812794,-0.9649686492727464,-0.056640919972812794
1.0,0.0,-0.1116455147564483,0.09546045041052441,-0.8883544852435517,-0.09546045041052441
1.0,0.0,-0.07919930115360008,0.11177970941368673,-0.9208006988463999,-0.11177970941368673
1.0,0.0,-0.1713162000503355,0.0836508519020596,-0.8286837999496646,-0.0836508519020596
1.0,0.0,-0.16439678577901962,0.008352192518687294,-0.8356032142209804,-0.008352192518687294
1.0,0.0,-0.14022379690877673,0.0158443231579857,-0.8597762030912233,-0.0158443231579857
1.0,0.0,-0.3732668744910437,0.061917215068435755,-0.6267331255089563,-0.061917215068435755
1.0,0.0,-0.03132216225983335,0.47361671469500083,-0.9686778377401667,-0.47361671469500083
1.0,0.0,-0.25410682628157916,0.36109127240421485,-0.7458931737184209,-0.36109127240421485
1.0,0.0,-0.43469500208840317,0.48602068720727504,-0.5653049979115968,-0.48602068720727504
1.0,0.0,-0.09649324848704875,0.5324866691579802,-0.9035067515129512,-0.5324866691579802
1.0,0.0,-0.054950177529296956,0.5635887012679189,-0.945049822470703,-0.5635887012679189
1.0,0.0,-0.027036478209646775,0.01939828040708307,-0.9729635217903532,-0.01939828040708307
1.0,0.0,-0.05156615510083379,0.0867041232015379,-0.9484338448991663,-0.0867041232015379
1.0,0.0,-0.26912522040437137,0.3435179260169127,-0.7308747795956286,-0.3435179260169127
1.0,0.0,-0.06677427178809658,0.10442647920759439,-0.9332257282119034,-0.10442647920759439
1.0,0.0,-0.2107404964401604,0.3609438191709095,-0.7892595035598395,-0.3609438191709095
1.0,0.0,-0.27995798876000416,0.2655148817771473,-0.7200420112399959,-0.2655148817771473
1.0,0.0,-0.006172267197011694,0.0025510923865548307,-0.9938277328029883,-0.0025510923865548307
1.0,0.0,-0.087646168498558,0.059426709608139394,-0.912353831501442,-0.059426709608139394
1.0,0.0,-0.07516899408099842,0.06787699825696963,-0.9248310059190016,-0.06787699825696963
1.0,0.0,-0.07184269536859006,0.23951176215286885,-0.92815730463141,-0.23951176215286885
1.0,0.0,-0.3792631905271533,0.4549520821996025,-0.6207368094728467,-0.4549520821996025
1.0,0.0,-0.14078061094138933,0.06311419760523769,-0.8592193890586106,-0.06311419760523769
1.0,0.0,-0.17402473147085942,0.4508880797288074,-0.8259752685291406,-0.4508880797288074
1.0,0.0,-0.08291866666096187,0.5204796345530781,-0.9170813333390382,-0.5204796345530781
1.0,0.0,-0.4021467174760689,0.1024339900465852,-0.5978532825239311,-0.1024339900465852
1.0,0.0,-0.08063402902930536,0.3400679379718063,-0.9193659709706946,-0.3400679379718063
1.0,0.0,-0.23079617236728311,0.004874530670779657,-0.7692038276327169,-0.004874530670779657
1.0,0.0,-0.09038300964928819,0.04813063728905399,-0.9096169903507119,-0.04813063728905399
1.0,0.0,-0.22139741985865563,0.03316975814473326,-0.7786025801413443,-0.03316975814473326
1.0,0.0,-0.17123448248610473,0.28331679401543636,-0.8287655175138953,-0.28331679401543636
1.0,0.0,-0.17328378835537128,0.5775496893041767,-0.8267162116446287,-0.5775496893041767
1.0,0.0,-0.170789679588763,0.1671129050624542,-0.829210320411237,-0.1671129050624542
1.0,0.0,-0.2653862484370443,0.6871750959606684,-0.7346137515629557,-0.6871750959606684
1.0,0.0,-0.06366013863828426,0.2887037749186914,-0.9363398613617158,-0.2887037749186914
1.0,0.0,-0.4665828746442548,0.04201004841598029,-0.5334171253557451,-0.04201004841598029
1.0,0.0,-0.32256497747773083,0.6954041943307941,-0.6774350225222692,-0.6954041943307941
1.0,0.0,-0.4466292123906126,0.16387218733330344,-0.5533707876093874,-0.16387218733330344
1.0,0.0,-0.3982323336502666,0.5325311243632755,-0.6017676663497333,-0.5325311243632755
1.0,0.0,-0.28827958023420736,0.21979717342994007,-0.7117204197657927,-0.21979717342994007
1.0,0.0,-0.13011103938608248,0.14075204152152182,-0.8698889606139175,-0.14075204152152182
1.0,0.0,-0.4076111784856342,0.23221891517837806,-0.5923888215143658,-0.23221891517837806
1.0,0.0,-0.3123592614380302,0.055632811176035975,-0.6876407385619698,-0.055632811176035975
1.0,0.0,-0.28006835702835714,0.33864079614322956,-0.7199316429716429,-0.33864079614322956
1.0,0.0,-0.04794054942685112,0.2731616230560053,-0.9520594505731489,-0.2731616230560053
1.0,0.0,-0.004373491559592601,0.11888940291947091,-0.9956265084404075,-0.11888940291947091
1.0,0.0,-0.24079558392385259,0.257924568183329,-0.7592044160761474,-0.257924568183329
1.0,0.0,-0.15593437552772568,0.8651328817695146,-0.8440656244722743,-0.8651328817695146
1.0,0.0,-0.4109696622143708,0.10048588987626879,-0.5890303377856292,-0.10048588987626879
1.0,0.0,-0.19380457777882829,0.9551543576109871,-0.8061954222211717,-0.9551543576109871
1.0,0.0,-0.49512264805385253,0.34458003479006055,-0.5048773519461475,-0.34458003479006055
1.0,0.0,-0.0244560168177276,0.231739793014929,-0.9755439831822724,-0.231739793014929
1.0,0.0,-0.05652073382641493,0.4231778299681889,-0.943479266173585,-0.4231778299681889
1.0,0.0,-0.4061820081955602,0.5891831938939726,-0.5938179918044397,-0.5891831938939726
1.0,0.0,-0.4623984595230121,0.34008953150867394,-0.5376015404769878,-0.34008953150867394
1.0,0.0,-0.010322174172670107,0.33999697767081144,-0.9896778258273299,-0.33999697767081144
1.0,0.0,-0.2780026440976622,0.2687970585787443,-0.7219973559023378,-0.2687970585787443
1.0,0.0,-0.4768932067677164,0.592703319224931,-0.5231067932322836,-0.592703319224931
1.0,0.0,-0.1238956090174092,0.07192326905590547,-0.8761043909825907,-0.07192326905590547
1.0,0.0,-0.27046891925768574,0.7986845048226616,-0.7295310807423143,-0.7986845048226616
1.0,0.0,-0.4190595204405632,0.5087214964550988,-0.5809404795594368,-0.5087214964550988
1.0,0.0,-0.028920582550710117,0.04833689714173203,-0.9710794174492898,-0.04833689714173203
1.0,0.0,-0.12630586419996875,0.026276350771156594,-0.8736941358000312,-0.026276350771156594
1.0,0.0,-0.17682218561369906,0.30575661895412015,-0.8231778143863009,-0.30575661895412015
1.0,0.0,-0.012464524719212111,0.004676569215639876,-0.9875354752807879,-0.004676569215639876
1.0,0.0,-0.047732384836052966,0.03249017272852715,-0.9522676151639471,-0.03249017272852715
1.0,0.0,-0.19050802887660712,0.3083721230972348,-0.8094919711233929,-0.3083721230972348
1.0,0.0,-0.0015826293062761838,0.45884492995319665,-0.9984173706937238,-0.45884492995319665
1.0,0.0,-0.12547666944399052,0.8752198653238932,-0.8745233305560095,-0.8752198653238932
1.0,0.0,-0.03938545674835314,0.05953590504887995,-0.9606145432516469,-0.05953590504887995
1.0,0.0,-0.17219511435221113,0.1882201798641719,-0.8278048856477889,-0.1882201798641719
1.0,0.0,-0.16480836957294775,0.03430486379332207,-0.8351916304270522,-0.03430486379332207
1.0,0.0,-0.002334339051463392,0.022444634007830335,-0.9976656609485366,-0.022444634007830335
1.0,0.0,-0.026623464376004102,0.012487332220197843,-0.9733765356239958,-0.012487332220197843
1.0,0.0,-0.18000245895666783,0.2869477590421849,-0.8199975410433322,-0.2869477590421849
1.0,0.0,-0.07257049398650699,0.3486728735305954,-0.927429506013493,-0.3486728735305954
1.0,0.0,-0.1722593417031976,0.44677465133762206,-0.8277406582968024,-0.44677465133762206
1.0,0.0,-0.06284611515495007,0.12131567045862805,-0.9371538848450499,-0.12131567045862805
1.0,0.0,-0.22766770798514974,0.2623032250090044,-0.7723322920148503,-0.2623032250090044
1.0,0.0,-0.05705019904881841,0.3865857857994012,-0.9429498009511816,-0.3865857857994012
1.0,0.0,-0.17148878556217667,0.29648956961398354,-0.8285112144378233,-0.29648956961398354
1.0,0.0,-0.2329898111121212,0.18907350220059876,-0.7670101888878789,-0.18907350220059876
1.0,0.0,-0.37260949460106335,0.2437641970194657,-0.6273905053989366,-0.2437641970194657
1.0,0.0,-0.007348924708961888,0.18698659272007304,-0.9926510752910381,-0.18698659272007304
1.0,0.0,-0.22729282058771444,0.029188943357871682,-0.7727071794122855,-0.029188943357871682
1.0,0.0,-0.028385123888882813,0.013468333961722099,-0.9716148761111172,-0.013468333961722099
1.0,0.0,-0.345216201479992,0.16127451422781192,-0.654783798520008,-0.16127451422781192
1.0,0.0,-0.049180346499479215,0.6365185899104877,-0.9508196535005208,-0.6365185899104877
1.0,0.0,-0.05876619198013097,0.13683022627086788,-0.941233808019869,-0.13683022627086788
1.0,0.0,-0.10478247607159025,0.17978600617723628,-0.8952175239284097,-0.17978600617723628
1.0,0.0,-0.018942072602254178,0.1449746848935335,-0.9810579273977458,-0.1449746848935335
1.0,0.0,-0.19375792216392249,0.7565588799688209,-0.8062420778360775,-0.7565588799688209
1.0,0.0,-0.16992266601239842,0.028811531308242676,-0.8300773339876015,-0.028811531308242676
1.0,0.0,-0.06466611372419899,0.9332141588710554,-0.935333886275801,-0.9332141588710554
1.0,0.0,-0.07245746829640937,0.07497372816847647,-0.9275425317035906,-0.07497372816847647
1.0,0.0,-0.30611459088568777,0.21916501665095303,-0.6938854091143123,-0.21916501665095303
1.0,0.0,-0.04800963750664711,0.0809165904775667,-0.9519903624933529,-0.0809165904775667
1.0,0.0,-0.07091178115805673,0.23246945201909397,-0.9290882188419433,-0.23246945201909397
1.0,0.0,-0.01756213729270162,0.007985848819391055,-0.9824378627072984,-0.007985848819391055
1.0,0.0,-0.4631307729293821,0.37559223063993996,-0.5368692270706179,-0.37559223063993996
1.0,0.0,-0.33378231386568485,0.1318427728417882,-0.6662176861343152,-0.1318427728417882
1.0,0.0,-0.020332955225134758,0.04082944746773964,-0.9796670447748652,-0.04082944746773964
1.0,0.0,-0.17136098323574517,0.2424180377995978,-0.8286390167642548,-0.2424180377995978
1.0,0.0,-0.013013943065638158,0.4645955123412841,-0.9869860569343618,-0.4645955123412841
1.0,0.0,-0.3236523171075808,0.22555953774786103,-0.6763476828924192,-0.22555953774786103
1.0,0.0,-0.18791545896160547,0.7587315848458277,-0.8120845410383946,-0.7587315848458277
1.0,0.0,-0.13997889184210766,0.04465594387217458,-0.8600211081578923,-0.04465594387217458
1.0,0.0,-0.28178703204506284,0.009214623244484512,-0.7182129679549372,-0.009214623244484512
1.0,0.0,-0.184987460979202,0.2973953571744026,-0.8150125390207981,-0.2973953571744026
1.0,0.0,-0.4136327795367626,0.1489854182374474,-0.5863672204632374,-0.1489854182374474
1.0,0.0,-0.33621555351194804,0.31691236180607746,-0.663784446488052,-0.31691236180607746
1.0,0.0,-0.05475827819520118,0.029777632089400784,-0.9452417218047988,-0.029777632089400784
1.0,0.0,-0.41037968340159464,0.34476131599350796,-0.5896203165984053,-0.34476131599350796
1.0,0.0,-0.43205882834333353,0.16090250557093416,-0.5679411716566665,-0.16090250557093416
1.0,0.0,-0.47600213235297184,0.23553402624457834,-0.5239978676470282,-0.23553402624457834
1.0,0.0,-0.40784819480276113,0.7241111343524758,-0.5921518051972389,-0.7241111343524758
1.0,0.0,-0.06835519880243499,0.17866873252145285,-0.931644801197565,-0.17866873252145285
1.0,0.0,-0.3493284234456403,0.604165212988617,-0.6506715765543597,-0.604165212988617
1.0,0.0,-0.2059581583921996,0.3447258458215268,-0.7940418416078003,-0.3447258458215268
1.0,0.0,-0.4493755377240757,0.392421113440043,-0.5506244622759243,-0.392421113440043
1.0,0.0,-0.44677601989205584,0.24576981745232657,-0.5532239801079442,-0.24576981745232657
1.0,0.0,-0.2728481321328141,0.246942362387938,-0.7271518678671859,-0.246942362387938
1.0,0.0,-0.060578422462014336,0.08005657200897572,-0.9394215775379857,-0.08005657200897572
1.0,0.0,-0.09765334043394541,0.050395849891833516,-0.9023466595660545,-0.050395849891833516
1.0,0.0,-0.33762447893575875,0.2763456548877366,-0.6623755210642412,-0.2763456548877366
1.0,0.0,-0.3534405067049392,0.4539698893211205,-0.6465594932950608,-0.4539698893211205
1.0,0.0,-0.1486129721714582,0.23310762724872477,-0.8513870278285418,-0.23310762724872477
1.0,0.0,-0.2922942861186121,0.3414854186885344,-0.7077057138813879,-0.3414854186885344
1.0,0.0,-0.09401417375669724,0.5693679044093553,-0.9059858262433027,-0.5693679044093553
1.0,0.0,-0.26291495880161003,0.3039008390466988,-0.73708504119839,-0.3039008390466988
1.0,0.0,-0.42558016966243783,0.718236732101208,-0.5744198303375622,-0.718236732101208
1.0,0.0,-0.4170426340752654,0.4928027594684627,-0.5829573659247347,-0.4928027594684627
1.0,0.0,-0.2791920510897124,0.6519032369754283,-0.7208079489102877,-0.6519032369754283
1.0,0.0,-0.3394679726620963,0.1809754664530137,-0.6605320273379037,-0.1809754664530137
1.0,0.0,-0.28075939254378257,0.4981417936084263,-0.7192406074562174,-0.4981417936084263
1.0,0.0,-0.2932604414917996,0.14962964035881685,-0.7067395585082004,-0.14962964035881685
1.0,0.0,-0.06291397182276214,0.6888447148030737,-0.9370860281772379,-0.6888447148030737
1.0,0.0,-0.23966877735897413,0.40473717800899345,-0.7603312226410259,-0.40473717800899345
1.0,0.0,-0.1647654526727857,0.0894244556049743,-0.8352345473272142,-0.0894244556049743
1.0,0.0,-0.035163796396842806,0.0136377360944869,-0.9648362036031572,-0.0136377360944869
1.0,0.0,-0.12642181645037776,0.25519408353580414,-0.8735781835496222,-0.25519408353580414
1.0,0.0,-0.2759967245685579,0.714941646378662,-0.724003275431442,-0.714941646378662
1.0,0.0,-0.2785358065772478,0.8738031855233321,-0.7214641934227521,-0.8738031855233321
1.0,0.0,-0.281893810506152,0.38823580313723094,-0.7181061894938481,-0.38823580313723094
1.0,0.0,-0.4704337941109727,0.8631116559422489,-0.5295662058890274,-0.8631116559422489
1.0,0.0,-0.02855084117076774,0.06998958839636256,-0.9714491588292322,-0.06998958839636256
1.0,0.0,-0.29298643948247743,0.13471822785931148,-0.7070135605175225,-0.13471822785931148
1.0,0.0,-0.18212246431338153,0.2830904761773977,-0.8178775356866185,-0.2830904761773977
1.0,0.0,-0.4020089944490246,0.1313905858990017,-0.5979910055509754,-0.1313905858990017
1.0,0.0,-0.3929452323651326,0.21697088566277253,-0.6070547676348674,-0.21697088566277253
1.0,0.0,-0.16446427145976744,0.2744115462167975,-0.8355357285402325,-0.2744115462167975
1.0,0.0,-0.03287682300311745,0.017246230359670045,-0.9671231769968825,-0.017246230359670045
1.0,0.0,-0.055110730695345646,0.5393444500526462,-0.9448892693046543,-0.5393444500526462
1.0,0.0,-0.4039399758400704,0.10465279496568378,-0.5960600241599296,-0.10465279496568378
1.0,0.0,-0.35487712617533357,0.8993454403604382,-0.6451228738246664,-0.8993454403604382
1.0,0.0,-0.2774050181704996,0.47363580900940294,-0.7225949818295003,-0.47363580900940294
1.0,0.0,-0.1588033880712273,0.5648537400886825,-0.8411966119287727,-0.5648537400886825
1.0,0.0,-0.09644129540697782,0.02512286486399599,-0.9035587045930222,-0.02512286486399599
1.0,0.0,-0.31036240144377625,0.5913277993107919,-0.6896375985562238,-0.5913277993107919
1.0,0.0,-0.09575240465505436,0.017664353651483694,-0.9042475953449456,-0.017664353651483694
1.0,0.0,-0.12923544876905255,0.2643592752557936,-0.8707645512309474,-0.2643592752557936
1.0,0.0,-0.04475435683524785,0.3049454795276889,-0.9552456431647521,-0.3049454795276889
1.0,0.0,-0.13306072002094377,0.5128759832114625,-0.8669392799790563,-0.5128759832114625
1.0,0.0,-0.04208195240062129,0.001536676715247272,-0.9579180475993787,-0.001536676715247272
1.0,0.0,-0.4111794067613418,0.4814096210770521,-0.5888205932386582,-0.4814096210770521
1.0,0.0,-0.14076139420535605,0.06619137781499058,-0.859238605794644,-0.06619137781499058
1.0,0.0,-0.12208732414024087,0.01698279457093454,-0.8779126758597591,-0.01698279457093454
1.0,0.0,-0.2905136732742241,0.135338420327355,-0.7094863267257758,-0.135338420327355
1.0,0.0,-0.36906646818989014,0.08013620426099692,-0.6309335318101099,-0.08013620426099692
1.0,0.0,-0.2101376471859192,0.2710233631233836,-0.7898623528140808,-0.2710233631233836
1.0,0.0,-0.09750215446413346,0.047149641126768026,-0.9024978455358665,-0.047149641126768026
1.0,0.0,-0.4792781448300933,0.6296122906037497,-0.5207218551699067,-0.6296122906037497
1.0,0.0,-0.2094196572772878,0.8214220971852049,-0.7905803427227122,-0.8214220971852049
1.0,0.0,-0.3512982075502932,0.47856709648818746,-0.6487017924497068,-0.47856709648818746
1.0,0.0,-0.1166058838047363,0.07845980772443131,-0.8833941161952636,-0.07845980772443131
1.0,0.0,-0.01684016300652456,0.41244095014492116,-0.9831598369934754,-0.41244095014492116
1.0,0.0,-0.04846789510092355,0.14820381206132216,-0.9515321048990765,-0.14820381206132216
1.0,0.0,-0.37306089031258083,0.09221014113849728,-0.6269391096874192,-0.09221014113849728
1.0,0.0,-0.46764003287728556,0.11985759247683081,-0.5323599671227144,-0.11985759247683081
1.0,0.0,-0.07548932588921925,0.021924910229639334,-0.9245106741107807,-0.021924910229639334
1.0,0.0,-0.1517467961366028,0.35175643903804954,-0.8482532038633972,-0.35175643903804954
1.0,0.0,-0.20862537004470766,0.24692290472582615,-0.7913746299552924,-0.24692290472582615
1.0,0.0,-0.1251791968254164,0.36580866171467935,-0.8748208031745837,-0.36580866171467935
1.0,0.0,-0.4224960532448395,0.19024140471239806,-0.5775039467551605,-0.19024140471239806
1.0,0.0,-0.3004248833675573,0.1592619533199404,-0.6995751166324427,-0.1592619533199404
1.0,0.0,-0.423978814183454,0.5342378382885347,-0.576021185816546,-0.5342378382885347
1.0,0.0,-0.2520460126704285,0.03807465356824564,-0.7479539873295715,-0.03807465356824564
1.0,0.0,-0.20136552930053386,0.3451255705673327,-0.7986344706994661,-0.3451255705673327
1.0,0.0,-0.038285671378561,0.7715421608045017,-0.961714328621439,-0.7715421608045017
1.0,0.0,-0.11808979888814478,0.7133886496416109,-0.8819102011118553,-0.7133886496416109
1.0,0.0,-0.050507838274988975,0.3084398783786999,-0.949492161725011,-0.3084398783786999
1.0,0.0,-0.036015974414433244,0.4287567477912915,-0.9639840255855667,-0.4287567477912915
1.0,0.0,-0.2788777621153052,0.016488382226070845,-0.7211222378846949,-0.016488382226070845
1.0,0.0,-0.43553132157981417,0.09036171210900898,-0.5644686784201858,-0.09036171210900898
1.0,0.0,-0.16213856028983714,0.16064190494896655,-0.8378614397101629,-0.16064190494896655
1.0,0.0,-0.0011771007873509233,0.11375001784799599,-0.9988228992126491,-0.11375001784799599
1.0,0.0,-0.07160500893223848,0.8322426264906926,-0.9283949910677616,-0.8322426264906926
1.0,0.0,-0.3481637128805541,0.29893422716736856,-0.6518362871194459,-0.29893422716736856
1.0,0.0,-0.12375306293354499,0.4237423260252379,-0.876246937066455,-0.4237423260252379
1.0,0.0,-0.0031759993868306635,0.0016954287764739098,-0.9968240006131693,-0.0016954287764739098
1.0,0.0,-0.06164854728578111,0.14019323642153234,-0.9383514527142189,-0.14019323642153234
1.0,0.0,-0.3341805588335473,0.8692870139668727,-0.6658194411664526,-0.8692870139668727
1.0,0.0,-0.25210756415631225,0.033639942185498616,-0.7478924358436878,-0.033639942185498616
1.0,0.0,-0.005972395614727066,0.00042375840511540606,-0.9940276043852729,-0.00042375840511540606
1.0,0.0,-0.07561524115483742,0.11856966651896306,-0.9243847588451626,-0.11856966651896306
1.0,0.0,-0.18847176661407583,0.19436721069013013,-0.8115282333859242,-0.19436721069013013
1.0,0.0,-0.30870656727727896,0.29639824569653145,-0.691293432722721,-0.29639824569653145
1.0,0.0,-0.30933034279729904,0.07289678227252044,-0.6906696572027009,-0.07289678227252044
1.0,0.0,-0.09120588750288061,0.10797864733031014,-0.9087941124971194,-0.10797864733031014
1.0,0.0,-0.13845094901231983,0.3166075806988508,-0.8615490509876802,-0.3166075806988508
1.0,0.0,-0.28672016318152155,0.47810119564389303,-0.7132798368184785,-0.47810119564389303
1.0,0.0,-0.18902027727260395,0.09660914839687991,-0.810979722727396,-0.09660914839687991
1.0,0.0,-0.26143107096584195,0.21212620399864138,-0.738568929034158,-0.21212620399864138
1.0,0.0,-0.12314221716798124,0.11939434419852758,-0.8768577828320188,-0.11939434419852758
1.0,0.0,-0.35341100480866366,0.6111722907029763,-0.6465889951913364,-0.6111722907029763
1.0,0.0,-0.4990817485384143,0.4100281171237472,-0.5009182514615858,-0.4100281171237472
1.0,0.0,-0.45313723444506737,0.39834970361485994,-0.5468627655549326,-0.39834970361485994
1.0,0.0,-0.35727001934386654,0.03036154425071734,-0.6427299806561335,-0.03036154425071734
1.0,0.0,-0.21428042665918012,0.3832489528400322,-0.7857195733408199,-0.3832489528400322
1.0,0.0,-0.08662459251989729,0.11639266681058526,-0.9133754074801027,-0.11639266681058526
1.0,0.0,-0.3851993277581643,0.6549510409761474,-0.6148006722418358,-0.6549510409761474
1.0,0.0,-0.20266315191199397,0.5661897765519975,-0.7973368480880061,-0.5661897765519975
1.0,0.0,-0.0010578358569885982,0.0009302638183120884,-0.9989421641430114,-0.0009302638183120884
1.0,0.0,-0.18597082540558857,0.03813115763482324,-0.8140291745944115,-0.03813115763482324
1.0,0.0,-0.0808202935470535,0.08758270001887605,-0.9191797064529466,-0.08758270001887605
1.0,0.0,-0.07734193482360113,0.054950539972297395,-0.9226580651763989,-0.054950539972297395
1.0,0.0,-0.26129087233492543,0.7484364482720359,-0.7387091276650746,-0.7484364482720359
1.0,0.0,-0.2384053719273696,0.7695692763807845,-0.7615946280726305,-0.7695692763807845
1.0,0.0,-0.44591392821600156,0.6334906439344056,-0.5540860717839984,-0.6334906439344056
1.0,0.0,-0.4209781359533641,0.33640734371411785,-0.5790218640466359,-0.33640734371411785
1.0,0.0,-0.37913678886002716,0.29620825918014365,-0.6208632111399728,-0.29620825918014365
1.0,0.0,-0.2660765526797442,0.12203509082355717,-0.7339234473202558,-0.12203509082355717
1.0,0.0,-0.05404627045571637,0.5967489529227115,-0.9459537295442836,-0.5967489529227115
1.0,0.0,-0.2450650131209774,0.7392887823196607,-0.7549349868790226,-0.7392887823196607
1.0,0.0,-0.25901069210919236,0.35382368832488126,-0.7409893078908076,-0.35382368832488126
1.0,0.0,-0.23591003481270167,0.30307739351212665,-0.7640899651872983,-0.30307739351212665
1.0,0.0,-0.2846314898318422,0.008630764239687783,-0.7153685101681577,-0.008630764239687783
1.0,0.0,-0.16999326525668457,0.14057285994209368,-0.8300067347433154,-0.14057285994209368
1.0,0.0,-0.4532587850732378,0.5290072490717873,-0.5467412149267622,-0.5290072490717873
1.0,0.0,-0.2908518716366239,0.48665046870786477,-0.709148128363376,-0.48665046870786477
1.0,0.0,-0.1945929998995291,0.14641272972670963,-0.805407000100471,-0.14641272972670963
1.0,0.0,-0.16192636414507847,0.8290939679413843,-0.8380736358549216,-0.8290939679413843
1.0,0.0,-0.3460993208288836,0.5910462373034873,-0.6539006791711164,-0.5910462373034873
1.0,0.0,-0.011137115526585055,0.023102890227851686,-0.988862884473415,-0.023102890227851686
1.0,0.0,-0.11019402427528996,0.10987622693998024,-0.8898059757247101,-0.10987622693998024
1.0,0.0,-0.327513454988393,0.5026622108285294,-0.672486545011607,-0.5026622108285294
1.0,0.0,-0.04763680581361436,0.4274686362426772,-0.9523631941863856,-0.4274686362426772
1.0,0.0,-0.2293868721064995,0.2748992372366215,-0.7706131278935004,-0.2748992372366215
1.0,0.0,-0.07081504782542211,0.19906673628034158,-0.9291849521745779,-0.19906673628034158
1.0,0.0,-0.021090806254571732,0.33046519554453135,-0.9789091937454283,-0.33046519554453135
1.0,0.0,-0.3274334592584427,0.2624872305676816,-0.6725665407415573,-0.2624872305676816
1.0,0.0,-0.24915272544501582,0.7410923071776883,-0.7508472745549841,-0.7410923071776883
1.0,0.0,-0.015830359723150556,0.0034156637199931968,-0.9841696402768494,-0.0034156637199931968
1.0,0.0,-0.18201104317656638,0.9522906346508779,-0.8179889568234336,-0.9522906346508779
1.0,0.0,-0.12864989781066327,0.12228840403583748,-0.8713501021893367,-0.12228840403583748
1.0,0.0,-0.034133332906975955,0.0398314560128637,-0.965866667093024,-0.0398314560128637
1.0,0.0,-0.3944955043983814,0.23498682319592695,-0.6055044956016187,-0.23498682319592695
1.0,0.0,-0.09579552065890243,0.49509644714721773,-0.9042044793410976,-0.49509644714721773
1.0,0.0,-0.1200450675480993,0.681031316710383,-0.8799549324519007,-0.681031316710383
1.0,0.0,-0.08274742353772996,0.0380127343784638,-0.9172525764622701,-0.0380127343784638
1.0,0.0,-0.3296759670560557,0.44661013349548806,-0.6703240329439444,-0.44661013349548806
1.0,0.0,-0.2592217734528818,0.2770967209455393,-0.7407782265471182,-0.2770967209455393
1.0,0.0,-0.20205457164988352,0.5536122884745491,-0.7979454283501165,-0.5536122884745491
1.0,0.0,-0.26916338340525864,0.036582950108504333,-0.7308366165947413,-0.036582950108504333
1.0,0.0,-0.13688306537391398,0.2830444359076839,-0.8631169346260861,-0.2830444359076839
1.0,0.0,-0.2454584525129629,0.6378253968430503,-0.7545415474870372,-0.6378253968430503
1.0,0.0,-0.3195657340925214,0.36513996712404545,-0.6804342659074786,-0.36513996712404545
1.0,0.0,-0.12958974796808553,0.1387958999926677,-0.8704102520319145,-0.1387958999926677
1.0,0.0,-0.4736335887288626,0.1527004276522829,-0.5263664112711375,-0.1527004276522829
1.0,0.0,-0.002613308202502212,0.006021259954612982,-0.9973866917974978,-0.006021259954612982
1.0,0.0,-0.19646926968790518,0.359570663959418,-0.8035307303120949,-0.359570663959418
1.0,0.0,-0.1743423050246825,0.10739218339508312,-0.8256576949753175,-0.10739218339508312
1.0,0.0,-0.06846955359202561,0.052699014146552654,-0.9315304464079743,-0.052699014146552654
1.0,0.0,-0.370339103874936,0.5568930288508216,-0.629660896125064,-0.5568930288508216
1.0,0.0,-0.163423983014225,0.0841823880192562,-0.836576016985775,-0.0841823880192562
1.0,0.0,-0.04340840858609635,0.024491795161320294,-0.9565915914139036,-0.024491795161320294
1.0,0.0,-0.11596744428989879,0.4659334566374497,-0.8840325557101012,-0.4659334566374497
1.0,0.0,-0.3159745692296931,0.3783000411487435,-0.6840254307703069,-0.3783000411487435
1.0,0.0,-0.21959198307301311,0.862625690608564,-0.7804080169269869,-0.862625690608564
1.0,0.0,-0.10478440177159631,0.07848580567023321,-0.8952155982284037,-0.07848580567023321
1.0,0.0,-0.2196033402563945,0.4430922654649541,-0.7803966597436055,-0.4430922654649541
1.0,0.0,-0.34072093629229666,0.29318840880431096,-0.6592790637077033,-0.29318840880431096
1.0,0.0,-0.39632508506118375,0.5072578370556065,-0.6036749149388163,-0.5072578370556065
1.0,0.0,-0.0012365598915614062,0.002031556026930676,-0.9987634401084386,-0.002031556026930676
1.0,0.0,-0.14198881345730685,0.019779213842090634,-0.8580111865426931,-0.019779213842090634
1.0,0.0,-0.4831672880193335,0.47659911885086903,-0.5168327119806665,-0.47659911885086903
1.0,0.0,-0.046876857855099825,0.37726292897149255,-0.9531231421449001,-0.37726292897149255
1.0,0.0,-0.3370291597937269,0.23106042829372272,-0.6629708402062731,-0.23106042829372272
1.0,0.0,-0.25873356504668005,0.25767463458845474,-0.74126643495332,-0.25767463458845474
1.0,0.0,-0.009056944258630416,0.020791653203836268,-0.9909430557413695,-0.020791653203836268
1.0,0.0,-0.14960093390948248,0.22176354314796182,-0.8503990660905175,-0.22176354314796182
1.0,0.0,-0.3415652012633781,0.6441436010422631,-0.6584347987366219,-0.6441436010422631
1.0,0.0,-0.22806335374308456,0.14587403806751115,-0.7719366462569155,-0.14587403806751115
1.0,0.0,-0.149925869541911,0.05835519419023827,-0.850074130458089,-0.05835519419023827
1.0,0.0,-0.11484766598791724,0.1940595701768019,-0.8851523340120828,-0.1940595701768019
1.0,0.0,-0.3118019221095646,0.633132779374398,-0.6881980778904354,-0.633132779374398
1.0,0.0,-0.06281722103240259,0.25516265468591665,-0.9371827789675974,-0.25516265468591665
1.0,0.0,-0.13460266134005613,0.35467141231325683,-0.8653973386599438,-0.35467141231325683
1.0,0.0,-0.25649028100935695,0.296916560671204,-0.743509718990643,-0.296916560671204
1.0,0.0,-0.4418709069361149,0.5708987612386471,-0.5581290930638851,-0.5708987612386471
1.0,0.0,-0.43832116316166914,0.4033211724362799,-0.5616788368383309,-0.4033211724362799
1.0,0.0,-0.3933853167371717,0.44931852964290225,-0.6066146832628283,-0.44931852964290225
1.0,0.0,-0.20565859323299227,0.9282736892382611,-0.7943414067670077,-0.9282736892382611
1.0,0.0,-0.46057013048191936,0.298216077100849,-0.5394298695180806,-0.298216077100849
1.0,0.0,-0.24416368986845036,0.5483823069009152,-0.7558363101315496,-0.5483823069009152
1.0,0.0,-0.07421356069009417,0.43135681692922034,-0.9257864393099058,-0.43135681692922034
1.0,0.0,-0.19025578314254699,0.12139948034760695,-0.809744216857453,-0.12139948034760695
1.0,0.0,-0.17015064332508495,0.008153152863745941,-0.829849356674915,-0.008153152863745941
1.0,0.0,-0.009086547980895629,0.020736046592821106,-0.9909134520191044,-0.020736046592821106
1.0,0.0,-0.47002464652032827,0.4234197260547295,-0.5299753534796717,-0.4234197260547295
1.0,0.0,-0.1406141027433179,0.9047315240730295,-0.8593858972566821,-0.9047315240730295
1.0,0.0,-0.46725073367668507,0.7781278415531775,-0.5327492663233149,-0.7781278415531775
1.0,0.0,-0.049607017109181806,0.030908495151994054,-0.9503929828908182,-0.030908495151994054
1.0,0.0,-0.09447305976199133,0.11781762020594319,-0.9055269402380086,-0.11781762020594319
1.0,0.0,-0.08730172962903499,0.027009839680972998,-0.912698270370965,-0.027009839680972998
1.0,0.0,-0.03411968687524014,0.04522497246543689,-0.9658803131247599,-0.04522497246543689
1.0,0.0,-0.39068866559354903,0.6013797638060466,-0.6093113344064509,-0.6013797638060466
1.0,0.0,-0.4688847793661876,0.5438897387301326,-0.5311152206338123,-0.5438897387301326
1.0,0.0,-0.13975486950999905,0.3335365023254177,-0.860245130490001,-0.3335365023254177
1.0,0.0,-0.1498479007249691,0.748665718322302,-0.8501520992750309,-0.748665718322302
1.0,0.0,-0.4363484508078166,0.602213759469088,-0.5636515491921834,-0.602213759469088
1.0,0.0,-0.4052374586556924,0.4995015003550543,-0.5947625413443076,-0.4995015003550543
1.0,0.0,-0.059821730153912525,0.1574378907029671,-0.9401782698460874,-0.1574378907029671
1.0,0.0,-0.37620737439793683,0.6305035851233889,-0.6237926256020632,-0.6305035851233889
1.0,0.0,-0.43747139242279776,0.0194565520185745,-0.5625286075772022,-0.0194565520185745
1.0,0.0,-0.2867683605301181,0.2947255136724656,-0.7132316394698819,-0.2947255136724656
1.0,0.0,-0.46786030912170185,0.5132986492553818,-0.5321396908782982,-0.5132986492553818
1.0,0.0,-0.30948993629799026,0.1169230990821164,-0.6905100637020097,-0.1169230990821164
1.0,0.0,-0.47944047331823925,0.5167295541647431,-0.5205595266817608,-0.5167295541647431
1.0,0.0,-0.04462806650684559,0.03768912587981016,-0.9553719334931544,-0.03768912587981016
1.0,0.0,-0.03687725390677554,0.030048563231592506,-0.9631227460932245,-0.030048563231592506
1.0,0.0,-0.0002093112926438434,9.270387212629812e-05,-0.9997906887073562,-9.270387212629812e-05
1.0,0.0,-0.16487000541370916,0.1016503936575607,-0.8351299945862909,-0.1016503936575607
1.0,0.0,-0.47749134770185353,0.386277909835153,-0.5225086522981465,-0.386277909835153
1.0,0.0,-0.017820397929899146,0.04462460922140354,-0.9821796020701008,-0.04462460922140354
1.0,0.0,-0.14090189341768922,0.24319062547665732,-0.8590981065823108,-0.24319062547665732
1.0,0.0,-0.35228736440743635,0.2592763707997259,-0.6477126355925636,-0.2592763707997259
1.0,0.0,-0.21485480076646613,0.07598658983590931,-0.7851451992335339,-0.07598658983590931
1.0,0.0,-0.3908668007090929,0.3808481369351583,-0.609133199290907,-0.3808481369351583
1.0,0.0,-0.2327360042059617,0.39849499163962815,-0.7672639957940384,-0.39849499163962815
1.0,0.0,-0.3040460251722494,0.2906980735648733,-0.6959539748277506,-0.2906980735648733
1.0,0.0,-0.05778531398576919,0.07936541542488924,-0.9422146860142309,-0.07936541542488924
1.0,0.0,-0.2428604155457088,0.0391773493512577,-0.7571395844542912,-0.0391773493512577
1.0,0.0,-0.22023786694942216,0.08087114980839293,-0.7797621330505778,-0.08087114980839293
1.0,0.0,-0.3168100640441303,0.507699126461531,-0.6831899359558697,-0.507699126461531
1.0,0.0,-0.44500839375067386,0.7646821229464468,-0.5549916062493261,-0.7646821229464468
1.0,0.0,-0.009032274014858677,0.002811485643915531,-0.9909677259851413,-0.002811485643915531
1.0,0.0,-0.48180871920634655,0.16437180593681947,-0.5181912807936535,-0.16437180593681947
1.0,0.0,-0.34989180527703906,0.12439454514284161,-0.650108194722961,-0.12439454514284161
1.0,0.0,-0.4034756016657012,0.6206596353517506,-0.5965243983342988,-0.6206596353517506
1.0,0.0,-0.1485633918874657,0.11626788509713991,-0.8514366081125343,-0.11626788509713991
1.0,0.0,-0.4499141895423011,0.4135183552786376,-0.5500858104576989,-0.4135183552786376
1.0,0.0,-0.10783779125127353,0.3418927789360734,-0.8921622087487264,-0.3418927789360734
1.0,0.0,-0.25586173975047827,0.42668981335140765,-0.7441382602495217,-0.42668981335140765
1.0,0.0,-0.017324155266088315,0.03743954086675181,-0.9826758447339117,-0.03743954086675181
1.0,0.0,-0.1229066319852428,0.6791058092168001,-0.8770933680147572,-0.6791058092168001
1.0,0.0,-0.09143618159634603,0.06262616487005598,-0.908563818403654,-0.06262616487005598
1.0,0.0,-0.30782408874286066,0.5791711597376823,-0.6921759112571393,-0.5791711597376823
1.0,0.0,-0.49553453948336107,0.21083119970843395,-0.504465460516639,-0.21083119970843395
1.0,0.0,-0.282597646310079,0.5769351124955916,-0.717402353689921,-0.5769351124955916
1.0,0.0,-0.15354719885870372,0.4825468709993197,-0.8464528011412963,-0.4825468709993197
1.0,0.0,-0.065477517546353,0.003972504027088463,-0.934522482453647,-0.003972504027088463
1.0,0.0,-0.4600375368607498,0.8830127344670575,-0.5399624631392502,-0.8830127344670575
1.0,0.0,-0.20220837525857532,0.34361809992706055,-0.7977916247414247,-0.34361809992706055
1.0,0.0,-0.09372861943245875,0.230275325196151,-0.9062713805675413,-0.230275325196151
1.0,0.0,-0.4227509767163827,0.032786434361525174,-0.5772490232836174,-0.032786434361525174
1.0,0.0,-0.21926404848920883,0.4083224591307411,-0.7807359515107912,-0.4083224591307411
1.0,0.0,-0.0626252393262664,0.13445758862317697,-0.9373747606737336,-0.13445758862317697
1.0,0.0,-0.315598848763573,0.3945172396057603,-0.684401151236427,-0.3945172396057603
1.0,0.0,-0.16004422379132416,0.4475459871933242,-0.8399557762086758,-0.4475459871933242
1.0,0.0,-0.0006096463334120448,0.00474386648628908,-0.9993903536665879,-0.00474386648628908
1.0,0.0,-0.1474206821309364,0.1418102225201275,-0.8525793178690636,-0.1418102225201275
1.0,0.0,-0.04454958343299509,0.14553590873110606,-0.9554504165670049,-0.14553590873110606
1.0,0.0,-0.04454408261580057,0.943070998561487,-0.9554559173841994,-0.943070998561487
1.0,0.0,-0.07392084462759813,0.04505689158991914,-0.9260791553724019,-0.04505689158991914
1.0,0.0,-0.06841973936639917,0.35364094904901966,-0.9315802606336008,-0.35364094904901966
1.0,0.0,-0.023710332604759136,0.6591966008868761,-0.9762896673952408,-0.6591966008868761
1.0,0.0,-0.02868762243012374,0.6596416566000467,-0.9713123775698762,-0.6596416566000467
1.0,0.0,-0.4186265937237807,0.5880643740058318,-0.5813734062762193,-0.5880643740058318
1.0,0.0,-0.4141133121411022,0.13121323020382097,-0.5858866878588977,-0.13121323020382097
1.0,0.0,-0.4446288547291394,0.6616580771104354,-0.5553711452708606,-0.6616580771104354
1.0,0.0,-0.4988074365874972,0.2287450917248402,-0.5011925634125027,-0.2287450917248402
1.0,0.0,-0.016030336386157494,0.3541608484372446,-0.9839696636138425,-0.3541608484372446
1.0,0.0,-0.3035030519640275,0.8328431672068,-0.6964969480359725,-0.8328431672068
1.0,0.0,-0.3141273607462215,0.5248843883237267,-0.6858726392537785,-0.5248843883237267
1.0,0.0,-0.2010132380559979,0.2896748165876289,-0.7989867619440021,-0.2896748165876289
1.0,0.0,-0.2591913751481382,0.3882389476448157,-0.7408086248518617,-0.3882389476448157
1.0,0.0,-0.23411390480819363,0.5932947986700265,-0.7658860951918064,-0.5932947986700265
1.0,0.0,-0.055147951387803665,0.9377024508447641,-0.9448520486121963,-0.9377024508447641
1.0,0.0,-0.19268924242430413,0.23558847353483198,-0.8073107575756959,-0.23558847353483198
1.0,0.0,-0.11334770846997039,0.1200670829545219,-0.8866522915300297,-0.1200670829545219
1.0,0.0,-0.1287404110384971,0.16459221256673673,-0.8712595889615029,-0.16459221256673673
1.0,0.0,-0.012514962242200056,0.01833450050059375,-0.9874850377577999,-0.01833450050059375
1.0,0.0,-0.21412604712746391,0.15480581486452835,-0.785873952872536,-0.15480581486452835
1.0,0.0,-0.12921886765496776,0.2201544607011276,-0.8707811323450323,-0.2201544607011276
1.0,0.0,-0.2169754294022309,0.08355123764449406,-0.7830245705977691,-0.08355123764449406
1.0,0.0,-0.19291226353108587,0.06426570764216617,-0.8070877364689142,-0.06426570764216617
1.0,0.0,-0.16225942574305946,0.13670116607999871,-0.8377405742569406,-0.13670116607999871
1.0,0.0,-0.23502001566039432,0.04544972809451799,-0.7649799843396057,-0.04544972809451799
1.0,0.0,-0.30028209501778835,0.4201262097003997,-0.6997179049822116,-0.4201262097003997
1.0,0.0,-0.050148175149586305,0.2800985738186494,-0.9498518248504138,-0.2800985738186494
1.0,0.0,-0.33655570419783004,0.03366553345512559,-0.66344429580217,-0.03366553345512559
1.0,0.0,-0.13453388517865497,0.28899480126094307,-0.8654661148213451,-0.28899480126094307
1.0,0.0,-0.07882698906213087,0.12584129043570977,-0.9211730109378691,-0.12584129043570977
1.0,0.0,-0.14877286874632378,0.3928700302977859,-0.8512271312536762,-0.3928700302977859
1.0,0.0,-0.21831675942340684,0.11985445333632248,-0.7816832405765932,-0.11985445333632248
1.0,0.0,-0.2447022439978982,0.1891056158735591,-0.7552977560021018,-0.1891056158735591
1.0,0.0,-0.31653222664718567,0.3998109552153328,-0.6834677733528143,-0.3998109552153328
1.0,0.0,-0.022009809494421106,0.02357919238722237,-0.9779901905055789,-0.02357919238722237
1.0,0.0,-0.04741477096589166,0.8988476491594929,-0.9525852290341084,-0.8988476491594929
1.0,0.0,-0.470504952390662,0.35125572260530474,-0.5294950476093381,-0.35125572260530474
1.0,0.0,-0.09400978139578126,0.05751630080207184,-0.9059902186042188,-0.05751630080207184
1.0,0.0,-0.16036668912261437,0.17181006418980016,-0.8396333108773857,-0.17181006418980016
1.0,0.0,-0.07817658963514518,0.014828561459205608,-0.9218234103648548,-0.014828561459205608
1.0,0.0,-0.0303804828338219,0.09858876243493712,-0.9696195171661781,-0.09858876243493712
1.0,0.0,-0.29360194035559484,0.13288766192247373,-0.7063980596444052,-0.13288766192247373
1.0,0.0,-0.2505091356793094,0.8298442023400917,-0.7494908643206906,-0.8298442023400917
1.0,0.0,-0.05712231170919774,0.03828063867517757,-0.9428776882908023,-0.03828063867517757
1.0,0.0,-0.44270383508124755,0.7521799559216054,-0.5572961649187524,-0.7521799559216054
1.0,0.0,-0.22414069525336155,0.1852869660367603,-0.7758593047466384,-0.1852869660367603
1.0,0.0,-0.03716367259059892,0.45855465811148743,-0.9628363274094011,-0.45855465811148743
1.0,0.0,-0.08986056364088693,0.29589323798687545,-0.9101394363591131,-0.29589323798687545
1.0,0.0,-0.4135076433155142,0.8048967160782724,-0.5864923566844857,-0.8048967160782724
1.0,0.0,-0.1868047752191338,0.5083852408148807,-0.8131952247808663,-0.5083852408148807
1.0,0.0,-0.3362565216692789,0.4016717284380297,-0.6637434783307211,-0.4016717284380297
1.0,0.0,-0.10029960027989027,0.035183043688478646,-0.8997003997201097,-0.035183043688478646
1.0,0.0,-0.29397357519164874,0.6103488760966586,-0.7060264248083512,-0.6103488760966586
1.0,0.0,-0.06287191690273036,0.0682115659681623,-0.9371280830972697,-0.0682115659681623
1.0,0.0,-0.013131204114538135,0.41274836032707757,-0.9868687958854618,-0.41274836032707757
1.0,0.0,-0.1615593540446023,0.10686248921689913,-0.8384406459553977,-0.10686248921689913
1.0,0.0,-0.40885105614915024,0.30816000583324865,-0.5911489438508497,-0.30816000583324865
1.0,0.0,-0.32756161292211117,0.25553746595822596,-0.6724383870778888,-0.25553746595822596
1.0,0.0,-0.47106513449343973,0.5341920864407044,-0.5289348655065602,-0.5341920864407044
1.0,0.0,-0.2663454807748082,0.123730783457353,-0.7336545192251918,-0.123730783457353
1.0,0.0,-0.08823312034869674,0.11792073546748053,-0.9117668796513032,-0.11792073546748053
1.0,0.0,-0.18765055944165515,0.25040806256568987,-0.8123494405583449,-0.25040806256568987
1.0,0.0,-0.3481945554323208,0.46730157209417383,-0.6518054445676792,-0.46730157209417383
1.0,0.0,-0.06836697054780655,0.2222010809095932,-0.9316330294521935,-0.2222010809095932
1.0,0.0,-0.0015558016757571957,0.0021413145869962342,-0.9984441983242428,-0.0021413145869962342
1.0,0.0,-0.34948855010606517,0.5922041760641739,-0.6505114498939348,-0.5922041760641739
1.0,0.0,-0.40633857912392046,0.1922705819414813,-0.5936614208760795,-0.1922705819414813
1.0,0.0,-0.08290857381649142,0.14299869120968062,-0.9170914261835086,-0.14299869120968062
1.0,0.0,-0.06735408963932134,0.733685528732646,-0.9326459103606787,-0.733685528732646
1.0,0.0,-0.43521963501441463,0.43830693288098604,-0.5647803649855854,-0.43830693288098604
1.0,0.0,-0.13012654270577126,0.42390260993318624,-0.8698734572942287,-0.42390260993318624
1.0,0.0,-0.0820605078856924,0.1570156559677973,-0.9179394921143076,-0.1570156559677973
1.0,0.0,-0.10035471845095784,0.2844865983298411,-0.8996452815490421,-0.2844865983298411
1.0,0.0,-0.22146246980645057,0.08728834475267339,-0.7785375301935494,-0.08728834475267339
1.0,0.0,-0.01348808456636913,0.10300615488467316,-0.9865119154336308,-0.10300615488467316
1.0,0.0,-0.09200421096858986,0.6241085138525831,-0.9079957890314101,-0.6241085138525831
1.0,0.0,-0.2285098164055897,0.4337357201639501,-0.7714901835944104,-0.4337357201639501
1.0,0.0,-0.4866593026257364,0.4652328969582033,-0.5133406973742636,-0.4652328969582033
1.0,0.0,-0.07042230098121438,0.081493084284089,-0.9295776990187856,-0.081493084284089
1.0,0.0,-0.13360997234365626,0.7995650539544654,-0.8663900276563438,-0.7995650539544654
1.0,0.0,-0.22099087140955653,0.3276536148441345,-0.7790091285904435,-0.3276536148441345
1.0,0.0,-0.3118291134592594,0.5023096409017938,-0.6881708865407405,-0.5023096409017938
1.0,0.0,-0.009397725156444141,0.19621671020821121,-0.9906022748435559,-0.19621671020821121
1.0,0.0,-0.060086547415830804,0.4483147003173271,-0.9399134525841693,-0.4483147003173271
1.0,0.0,-0.24774766540337312,0.05818561114614298,-0.7522523345966269,-0.05818561114614298
1.0,0.0,-0.20554484531785008,0.9593967825125084,-0.7944551546821499,-0.9593967825125084
1.0,0.0,-0.15828092546392952,0.028308004413735217,-0.8417190745360705,-0.028308004413735217
1.0,0.0,-0.20981600721833882,0.5248582817936861,-0.7901839927816612,-0.5248582817936861
1.0,0.0,-0.11706080743894165,0.07216629479230885,-0.8829391925610584,-0.07216629479230885
1.0,0.0,-0.046243882098803646,0.05696041681015418,-0.9537561179011964,-0.05696041681015418
1.0,0.0,-0.0005200419471555238,0.0741228008137454,-0.9994799580528445,-0.0741228008137454
1.0,0.0,-0.4604315010818046,0.522578367516626,-0.5395684989181955,-0.522578367516626
1.0,0.0,-0.41319764017508215,0.429825348184782,-0.5868023598249179,-0.429825348184782
1.0,0.0,-0.035078674943619936,0.18111040006870913,-0.9649213250563801,-0.18111040006870913
1.0,0.0,-0.3456630825713082,0.5125631682283858,-0.6543369174286918,-0.5125631682283858
1.0,0.0,-0.22900406534436973,0.2082184911509179,-0.7709959346556303,-0.2082184911509179
1.0,0.0,-0.11554074370779993,0.19420731409926803,-0.8844592562922,-0.19420731409926803
1.0,0.0,-0.015879501698339404,0.021967874993866154,-0.9841204983016606,-0.021967874993866154
1.0,0.0,-0.1762117530161716,0.048500540533626686,-0.8237882469838285,-0.048500540533626686
1.0,0.0,-0.15406716163080025,0.15720844305535,-0.8459328383691997,-0.15720844305535
1.0,0.0,-0.17641530614067003,0.3041079082822067,-0.82358469385933,-0.3041079082822067
1.0,0.0,-0.1397813950232315,0.03453020494864682,-0.8602186049767685,-0.03453020494864682
1.0,0.0,-0.37708690950693413,0.4484549992434301,-0.6229130904930659,-0.4484549992434301
1.0,0.0,-0.12141726137461852,0.3373628962424192,-0.8785827386253815,-0.3373628962424192
1.0,0.0,-0.20456150247078064,0.6870406289815663,-0.7954384975292194,-0.6870406289815663
1.0,0.0,-0.3756887584730632,0.34442579836278203,-0.6243112415269367,-0.34442579836278203
1.0,0.0,-0.27730993894748657,0.3105925219736003,-0.7226900610525134,-0.3105925219736003
1.0,0.0,-0.3411104594987015,0.36242006627870427,-0.6588895405012984,-0.36242006627870427
1.0,0.0,-0.166028647201924,0.4169821040976937,-0.833971352798076,-0.4169821040976937
1.0,0.0,-0.0027899344668863013,0.0023700037663815184,-0.9972100655331138,-0.0023700037663815184
1.0,0.0,-0.20434478909974074,0.054084414488879996,-0.7956552109002593,-0.054084414488879996
1.0,0.0,-0.2679200963478283,0.438410114155578,-0.7320799036521717,-0.438410114155578
1.0,0.0,-0.10227280940727895,0.07510529578291485,-0.8977271905927211,-0.07510529578291485
1.0,0.0,-0.2495460224943355,0.40268152513361377,-0.7504539775056644,-0.40268152513361377
1.0,0.0,-0.08598379121352318,0.1310713942753982,-0.9140162087864768,-0.1310713942753982
1.0,0.0,-0.2907923726213367,0.7553096675663702,-0.7092076273786633,-0.7553096675663702
1.0,0.0,-0.2038144085760739,0.10042498611084098,-0.7961855914239261,-0.10042498611084098
1.0,0.0,-0.4473402382210827,0.2862251394473186,-0.5526597617789173,-0.2862251394473186
1.0,0.0,-0.1289886132644047,0.43305263521337756,-0.8710113867355953,-0.43305263521337756
1.0,0.0,-0.23708704190606017,0.5195622799935027,-0.7629129580939398,-0.5195622799935027
1.0,0.0,-0.34317886413844684,0.14358554815775235,-0.6568211358615532,-0.14358554815775235
1.0,0.0,-0.18706256329798726,0.02396145156041854,-0.8129374367020128,-0.02396145156041854
1.0,0.0,-0.14173009677530285,0.7302615785883941,-0.8582699032246972,-0.7302615785883941
1.0,0.0,-0.3523312350458846,0.5797375422692874,-0.6476687649541154,-0.5797375422692874
1.0,0.0,-0.1474979481590607,0.11422571494565345,-0.8525020518409393,-0.11422571494565345
1.0,0.0,-0.12577633055157367,0.17873478753670222,-0.8742236694484263,-0.17873478753670222
1.0,0.0,-0.18267879541082832,0.1570197573826501,-0.8173212045891717,-0.1570197573826501
1.0,0.0,-0.12860896621198808,0.14038381017534007,-0.871391033788012,-0.14038381017534007
1.0,0.0,-0.2781153287057376,0.34761397364759056,-0.7218846712942624,-0.34761397364759056
1.0,0.0,-0.1390120668245327,0.23344004411913374,-0.8609879331754673,-0.23344004411913374
1.0,0.0,-0.0024621595321867723,0.1940067321345143,-0.9975378404678132,-0.1940067321345143
1.0,0.0,-0.037714094008612975,0.040609230304329086,-0.9622859059913871,-0.040609230304329086
1.0,0.0,-0.032425009450669215,0.21413209571779562,-0.9675749905493308,-0.21413209571779562
1.0,0.0,-0.18597475795039076,0.5871272752715873,-0.8140252420496092,-0.5871272752715873
1.0,0.0,-0.012435190851555636,0.33107613732217084,-0.9875648091484444,-0.33107613732217084
1.0,0.0,-0.1705942397912814,0.23393372679612995,-0.8294057602087186,-0.23393372679612995
1.0,0.0,-0.10156664510127066,0.7995873040511242,-0.8984333548987293,-0.7995873040511242
1.0,0.0,-0.29584870944747765,0.0846317689668851,-0.7041512905525223,-0.0846317689668851
1.0,0.0,-0.27212175585392373,0.4044912410646238,-0.7278782441460763,-0.4044912410646238
1.0,0.0,-0.2736737558985835,0.4379556130575178,-0.7263262441014164,-0.4379556130575178
1.0,0.0,-0.4078080173043972,0.06119730103706772,-0.5921919826956028,-0.06119730103706772
1.0,0.0,-0.453161610469249,0.6967978561363574,-0.5468383895307509,-0.6967978561363574
1.0,0.0,-0.051784559676517405,0.07561182867935365,-0.9482154403234826,-0.07561182867935365
1.0,0.0,-0.3279482226331452,0.5756285692250179,-0.6720517773668548,-0.5756285692250179
1.0,0.0,-0.026649486884597205,0.06211252605340678,-0.9733505131154028,-0.06211252605340678
1.0,0.0,-0.25566208896280496,0.3504378692229224,-0.744337911037195,-0.3504378692229224
1.0,0.0,-0.1870068719433537,0.18753856081400988,-0.8129931280566463,-0.18753856081400988
1.0,0.0,-0.45308222512911944,0.685099872515341,-0.5469177748708806,-0.685099872515341
1.0,0.0,-0.11093758693542033,0.010752905695245944,-0.8890624130645797,-0.010752905695245944
1.0,0.0,-0.006120328701105349,0.007554204634542349,-0.9938796712988947,-0.007554204634542349
1.0,0.0,-0.0022630037111274425,0.016513188105088377,-0.9977369962888726,-0.016513188105088377
1.0,0.0,-0.14274957562767743,0.13850938224683493,-0.8572504243723226,-0.13850938224683493
1.0,0.0,-0.0046978276383921255,0.02988802792206274,-0.9953021723616079,-0.02988802792206274
1.0,0.0,-0.010916680719846503,0.08068485835710867,-0.9890833192801535,-0.08068485835710867
1.0,0.0,-0.12147536675382642,0.9082708766746483,-0.8785246332461736,-0.9082708766746483
1.0,0.0,-0.23004189886268306,0.13216883896047604,-0.7699581011373169,-0.13216883896047604
1.0,0.0,-0.416481443624318,0.5912867116712418,-0.583518556375682,-0.5912867116712418
1.0,0.0,-0.16184727716726807,0.9292746884010198,-0.8381527228327319,-0.9292746884010198
1.0,0.0,-0.19233325695715392,0.0844324465598476,-0.8076667430428461,-0.0844324465598476
1.0,0.0,-0.3918997751668843,0.419529231199564,-0.6081002248331158,-0.419529231199564
1.0,0.0,-0.04073200484109496,0.024929886569275653,-0.959267995158905,-0.024929886569275653
1.0,0.0,-0.003599808936390614,0.006059129960984089,-0.9964001910636093,-0.006059129960984089
1.0,0.0,-0.2872252796989012,0.46620795407883064,-0.7127747203010988,-0.46620795407883064
1.0,0.0,-0.06274336200035607,0.04573326930481934,-0.9372566379996439,-0.04573326930481934
1.0,0.0,-0.344935759169152,0.4889540582032093,-0.655064240830848,-0.4889540582032093
1.0,0.0,-0.04836304536365443,0.026487858566802178,-0.9516369546363456,-0.026487858566802178
1.0,0.0,-0.22357238858934309,0.3302485063896714,-0.776427611410657,-0.3302485063896714
1.0,0.0,-0.16003717617806423,0.19536376285016657,-0.8399628238219358,-0.19536376285016657
1.0,0.0,-0.17328019285711682,0.27503918358043705,-0.8267198071428832,-0.27503918358043705
1.0,0.0,-0.4369966891759316,0.517817080500229,-0.5630033108240684,-0.517817080500229
1.0,0.0,-0.3511742501285676,0.7060404553053614,-0.6488257498714324,-0.7060404553053614
1.0,0.0,-0.13977902842127826,0.13055888905418447,-0.8602209715787217,-0.13055888905418447
1.0,0.0,-0.19250850875157077,0.08104174232015099,-0.8074914912484292,-0.08104174232015099
1.0,0.0,-0.12321541958948737,0.42844161463618385,-0.8767845804105127,-0.42844161463618385
1.0,0.0,-0.4075405111551781,0.2760724498646428,-0.5924594888448219,-0.2760724498646428
1.0,0.0,-0.11787229463061583,0.10062134585519654,-0.8821277053693841,-0.10062134585519654
1.0,0.0,-0.10138263706771516,0.11167961782510905,-0.8986173629322849,-0.11167961782510905
1.0,0.0,-0.4793168321603317,0.23109619562043732,-0.5206831678396683,-0.23109619562043732
1.0,0.0,-0.0973738002661027,0.08463800599836012,-0.9026261997338973,-0.08463800599836012
1.0,0.0,-0.02327329492299186,0.1201970701200711,-0.9767267050770081,-0.1201970701200711
1.0,0.0,-0.016939733419660825,0.03647537674681987,-0.9830602665803392,-0.03647537674681987
1.0,0.0,-0.06944558294890049,0.5377053240488923,-0.9305544170510995,-0.5377053240488923
1.0,0.0,-0.3845325881479262,0.5227281932095338,-0.6154674118520738,-0.5227281932095338
1.0,0.0,-0.12557844069963325,0.1880593942998113,-0.8744215593003668,-0.1880593942998113
1.0,0.0,-0.2225018342051095,0.36552933899133505,-0.7774981657948905,-0.36552933899133505
1.0,0.0,-0.3929316463948994,0.3407188409155589,-0.6070683536051006,-0.3407188409155589
1.0,0.0,-0.33078470571422985,0.39544030573452965,-0.6692152942857701,-0.39544030573452965
1.0,0.0,-0.48832968429327883,0.2822475915322638,-0.5116703157067212,-0.2822475915322638
1.0,0.0,-0.0009654730273631618,0.0014099500600068121,-0.9990345269726368,-0.0014099500600068121
1.0,0.0,-0.14564611779874012,0.9443908178544249,-0.8543538822012599,-0.9443908178544249
1.0,0.0,-0.18783201692771334,0.19031655368580144,-0.8121679830722867,-0.19031655368580144
1.0,0.0,-0.2309829497223087,0.36391359784462296,-0.7690170502776913,-0.36391359784462296
1.0,0.0,-0.016976886975145496,0.15427299716432827,-0.9830231130248545,-0.15427299716432827
1.0,0.0,-0.04242865810094616,0.47783967013153167,-0.9575713418990538,-0.47783967013153167
1.0,0.0,-0.18740029489823246,0.27624086804348674,-0.8125997051017675,-0.27624086804348674
1.0,0.0,-0.07606185940174204,0.1124449866196322,-0.923938140598258,-0.1124449866196322
1.0,0.0,-0.010515095135395669,0.014091646062784366,-0.9894849048646044,-0.014091646062784366
1.0,0.0,-0.3178155766941367,0.5097444325377951,-0.6821844233058634,-0.5097444325377951
1.0,0.0,-0.42570697103246496,0.7071687836821305,-0.574293028967535,-0.7071687836821305
1.0,0.0,-0.002253379877759225,0.34561087759565445,-0.9977466201222408,-0.34561087759565445
1.0,0.0,-0.018945591697835256,0.07577086068860883,-0.9810544083021647,-0.07577086068860883
1.0,0.0,-0.11182704875949706,0.03112071241777831,-0.888172951240503,-0.03112071241777831
1.0,0.0,-0.019058711554390817,0.01910559874113378,-0.9809412884456092,-0.01910559874113378
1.0,0.0,-0.03517094222317624,0.025139958274278045,-0.9648290577768237,-0.025139958274278045
1.0,0.0,-0.3558310360553619,0.6021232736098989,-0.6441689639446381,-0.6021232736098989
1.0,0.0,-0.11864250032863544,0.05993451450387853,-0.8813574996713646,-0.05993451450387853
1.0,0.0,-0.445347751080927,0.6171727475889021,-0.554652248919073,-0.6171727475889021
1.0,0.0,-0.40185668848879214,0.5273408972475889,-0.5981433115112078,-0.5273408972475889
1.0,0.0,-0.10918029233364668,0.16474241197614128,-0.8908197076663533,-0.16474241197614128
1.0,0.0,-0.40515393574226377,0.3233788618287694,-0.5948460642577362,-0.3233788618287694
1.0,0.0,-0.05070634230383303,0.07393659401196294,-0.949293657696167,-0.07393659401196294
1.0,0.0,-0.3633616483673255,0.625807568328943,-0.6366383516326746,-0.625807568328943
1.0,0.0,-0.28458739079945206,0.55610674835216,-0.7154126092005479,-0.55610674835216
1.0,0.0,-0.21784632345215088,0.1304406400744801,-0.7821536765478492,-0.1304406400744801
1.0,0.0,-0.1998854071953941,0.34612676564388856,-0.8001145928046058,-0.34612676564388856
1.0,0.0,-0.4420989117104865,0.7093568249161325,-0.5579010882895135,-0.7093568249161325
1.0,0.0,-0.16303499419969947,0.1268106638585318,-0.8369650058003005,-0.1268106638585318
1.0,0.0,-0.17123432198663163,0.14395085024535353,-0.8287656780133683,-0.14395085024535353
1.0,0.0,-0.4459553656048411,0.4929832939868685,-0.5540446343951588,-0.4929832939868685
1.0,0.0,-0.25514473145311767,0.3429772659806962,-0.7448552685468823,-0.3429772659806962
1.0,0.0,-0.07902128109327489,0.04879614795971631,-0.9209787189067251,-0.04879614795971631
1.0,0.0,-0.3584875604180118,0.39192914996296285,-0.6415124395819882,-0.39192914996296285
1.0,0.0,-0.3651685274134293,0.13322075985691448,-0.6348314725865707,-0.13322075985691448
1.0,0.0,-0.4321285012330658,0.33075098459580315,-0.5678714987669342,-0.33075098459580315
1.0,0.0,-0.1329581050343448,0.1820268365773313,-0.8670418949656552,-0.1820268365773313
1.0,0.0,-0.053447913170024675,0.0366315139607554,-0.9465520868299753,-0.0366315139607554
1.0,0.0,-0.34123425206093155,0.5355865166811137,-0.6587657479390685,-0.5355865166811137
1.0,0.0,-0.34045651669952565,0.7026135496527244,-0.6595434833004743,-0.7026135496527244
1.0,0.0,-0.4478295315816695,0.024804561023103314,-0.5521704684183305,-0.024804561023103314
1.0,0.0,-0.31060931414834514,0.06756022212825172,-0.6893906858516549,-0.06756022212825172
1.0,0.0,-0.4424171028282608,0.7078833498082057,-0.5575828971717391,-0.7078833498082057
1.0,0.0,-0.39992476275241945,0.5729666398035346,-0.6000752372475806,-0.5729666398035346
1.0,0.0,-0.1710090439799557,0.18896519043742543,-0.8289909560200444,-0.18896519043742543
1.0,0.0,-0.4497938651596813,0.4926390049813921,-0.5502061348403187,-0.4926390049813921
1.0,0.0,-0.36740531491749084,0.5672781905483162,-0.6325946850825092,-0.5672781905483162
1.0,0.0,-0.27404295938810413,0.157087512883334,-0.7259570406118958,-0.157087512883334
1.0,0.0,-0.0029380344688253856,0.9398480857379514,-0.9970619655311747,-0.9398480857379514
1.0,0.0,-0.05040775230710737,0.0027887802881480955,-0.9495922476928926,-0.0027887802881480955
1.0,0.0,-0.3372644124629363,0.8219342066553027,-0.6627355875370637,-0.8219342066553027
1.0,0.0,-0.1701377339308291,0.13671749762571664,-0.8298622660691709,-0.13671749762571664
1.0,0.0,-0.25637610726450605,0.37188002371140083,-0.7436238927354939,-0.37188002371140083
1.0,0.0,-0.34494528859926316,0.3130972506003846,-0.6550547114007368,-0.3130972506003846
1.0,0.0,-0.3187429884755599,0.5048609866351741,-0.6812570115244401,-0.5048609866351741
1.0,0.0,-0.27589009310252555,0.46491706286063966,-0.7241099068974745,-0.46491706286063966
1.0,0.0,-0.04678589357917584,0.014150441014497746,-0.9532141064208242,-0.014150441014497746
1.0,0.0,-0.36107424605665506,0.12641817365572328,-0.6389257539433449,-0.12641817365572328
1.0,0.0,-0.19611218759106624,0.15271249752780702,-0.8038878124089337,-0.15271249752780702
1.0,0.0,-0.22365929216712532,0.35706939865862486,-0.7763407078328747,-0.35706939865862486
1.0,0.0,-0.13269180916287168,0.627592435531016,-0.8673081908371283,-0.627592435531016
1.0,0.0,-0.10677234944437833,0.42287697887731496,-0.8932276505556217,-0.42287697887731496
1.0,0.0,-0.05219927622989806,0.017260817476347192,-0.9478007237701019,-0.017260817476347192
1.0,0.0,-0.47279297942780846,0.5368028477426359,-0.5272070205721915,-0.5368028477426359
1.0,0.0,-0.00029003950155298016,0.0724844168944284,-0.9997099604984471,-0.0724844168944284
1.0,0.0,-0.4938160608419605,0.05449729549288244,-0.5061839391580395,-0.05449729549288244
1.0,0.0,-0.27376700562469297,0.4002013528269985,-0.726232994375307,-0.4002013528269985
1.0,0.0,-0.20271582836839425,0.42172573087224025,-0.7972841716316057,-0.42172573087224025
1.0,0.0,-0.2971421664607169,0.508896245492017,-0.7028578335392831,-0.508896245492017
1.0,0.0,-0.012918631844801569,0.43007978051782325,-0.9870813681551984,-0.43007978051782325
1.0,0.0,-0.23973180527557908,0.3773492858919785,-0.760268194724421,-0.3773492858919785
1.0,0.0,-0.3976920280303879,0.21814625891212178,-0.602307971969612,-0.21814625891212178
1.0,0.0,-0.42166683688939,0.6838892481008627,-0.57833316311061,-0.6838892481008627
1.0,0.0,-0.04874935605918044,0.8285607940865359,-0.9512506439408196,-0.8285607940865359
1.0,0.0,-0.1789917667744888,0.313813152628062,-0.8210082332255112,-0.313813152628062
1.0,0.0,-0.22105819351620754,0.9240014007691028,-0.7789418064837925,-0.9240014007691028
1.0,0.0,-0.11047916412199571,0.1753774426476806,-0.8895208358780042,-0.1753774426476806
1.0,0.0,-0.1786817592499258,0.28183777697743756,-0.8213182407500742,-0.28183777697743756
1.0,0.0,-0.4146024865135446,0.07916470874978232,-0.5853975134864554,-0.07916470874978232
1.0,0.0,-0.4472088293223977,0.3750121277692719,-0.5527911706776023,-0.3750121277692719
1.0,0.0,-0.11443773511023586,0.12507179829930157,-0.8855622648897641,-0.12507179829930157
1.0,0.0,-0.43231501954420326,0.5880148483481331,-0.5676849804557967,-0.5880148483481331
1.0,0.0,-0.005155334519988063,0.07653642518328954,-0.9948446654800119,-0.07653642518328954
1.0,0.0,-0.07837225756977734,0.00433228078947039,-0.9216277424302226,-0.00433228078947039
1.0,0.0,-0.07934783349089874,0.12139644956313993,-0.9206521665091012,-0.12139644956313993
1.0,0.0,-0.004275705575305143,0.008480177091746543,-0.9957242944246949,-0.008480177091746543
1.0,0.0,-0.13926269975137878,0.12615276754045718,-0.8607373002486212,-0.12615276754045718
1.0,0.0,-0.007455605706595522,0.7232903974616673,-0.9925443942934045,-0.7232903974616673
1.0,0.0,-0.46049879697072693,0.6146102541880538,-0.5395012030292731,-0.6146102541880538
1.0,0.0,-0.13682949880578033,0.747935252193553,-0.8631705011942197,-0.747935252193553
1.0,0.0,-0.3325425668326894,0.9023128328831517,-0.6674574331673107,-0.9023128328831517
1.0,0.0,-0.10441253071754997,0.3067854613953505,-0.89558746928245,-0.3067854613953505
1.0,0.0,-0.2753282247390672,0.4765272017980436,-0.7246717752609328,-0.4765272017980436
1.0,0.0,-0.257300280319439,0.11907487486932578,-0.7426997196805609,-0.11907487486932578
1.0,0.0,-0.20614486972933266,0.3162412498069835,-0.7938551302706673,-0.3162412498069835
1.0,0.0,-0.39015075873412053,0.24756426266819662,-0.6098492412658795,-0.24756426266819662
1.0,0.0,-0.43931577941237826,0.2400837848078138,-0.5606842205876217,-0.2400837848078138
1.0,0.0,-0.03874176322080838,0.7769048565597141,-0.9612582367791916,-0.7769048565597141
1.0,0.0,-0.07604229419591246,0.4469820910609675,-0.9239577058040875,-0.4469820910609675
1.0,0.0,-0.12089676063581628,0.20208157670960025,-0.8791032393641838,-0.20208157670960025
1.0,0.0,-0.3081719820506546,0.9492243395276786,-0.6918280179493455,-0.9492243395276786
1.0,0.0,-0.31109508622995996,0.3972406345278979,-0.68890491377004,-0.3972406345278979
1.0,0.0,-0.29878059518427486,0.34775464444905935,-0.7012194048157252,-0.34775464444905935
1.0,0.0,-0.15865464306488292,0.05660622900050855,-0.841345356935117,-0.05660622900050855
1.0,0.0,-0.44816903168336064,0.48317763446196343,-0.5518309683166394,-0.48317763446196343
1.0,0.0,-0.2131098071778495,0.31806190461973993,-0.7868901928221506,-0.31806190461973993
1.0,0.0,-0.07330682032860499,0.31957097098671433,-0.926693179671395,-0.31957097098671433
1.0,0.0,-0.10531098486057705,0.06504432112074214,-0.8946890151394229,-0.06504432112074214
1.0,0.0,-0.4861585739607017,0.794260241541507,-0.5138414260392983,-0.794260241541507
1.0,0.0,-0.0137445648948048,0.01945344376970401,-0.9862554351051952,-0.01945344376970401
1.0,0.0,-0.049980676865068296,0.07463203317714778,-0.9500193231349316,-0.07463203317714778
1.0,0.0,-0.01766895385587754,0.1513139094824599,-0.9823310461441225,-0.1513139094824599
1.0,0.0,-0.05322479240801498,0.35868827373632256,-0.946775207591985,-0.35868827373632256
1.0,0.0,-0.15402593843409162,0.24688158610239655,-0.8459740615659084,-0.24688158610239655
1.0,0.0,-0.3976189068804465,0.4799211770340305,-0.6023810931195535,-0.4799211770340305
1.0,0.0,-0.022987071761341626,0.0323873701547828,-0.9770129282386584,-0.0323873701547828
1.0,0.0,-0.08492029817513586,0.1140445696077629,-0.9150797018248642,-0.1140445696077629
1.0,0.0,-0.34548531338012417,0.5937632386064713,-0.6545146866198759,-0.5937632386064713
1.0,0.0,-0.4956791845090524,0.22278357211458644,-0.5043208154909475,-0.22278357211458644
1.0,0.0,-0.3835395667186995,0.16374870436913577,-0.6164604332813005,-0.16374870436913577
1.0,0.0,-0.40872366950780853,0.6750735733334922,-0.5912763304921915,-0.6750735733334922
1.0,0.0,-0.14803569185648952,0.19329507774669766,-0.8519643081435104,-0.19329507774669766
1.0,0.0,-0.482352311789744,0.44295623171008375,-0.517647688210256,-0.44295623171008375
1.0,0.0,-0.11385154443164885,0.12531684817368866,-0.8861484555683512,-0.12531684817368866
1.0,0.0,-0.22034822743442617,0.07192592250339562,-0.7796517725655738,-0.07192592250339562
1.0,0.0,-0.34395823297653283,0.3571985767903963,-0.6560417670234672,-0.3571985767903963
1.0,0.0,-0.11312448240007905,0.024031533807603953,-0.886875517599921,-0.024031533807603953
1.0,0.0,-0.2855057920508195,0.1150281394008854,-0.7144942079491805,-0.1150281394008854
1.0,0.0,-0.1348808272575841,0.12971830056376632,-0.8651191727424159,-0.12971830056376632
1.0,0.0,-0.012139302664480496,0.20380667702666327,-0.9878606973355195,-0.20380667702666327
1.0,0.0,-0.04324065485294472,0.8858268910553698,-0.9567593451470553,-0.8858268910553698
1.0,0.0,-0.14663294579704161,0.016528586772683564,-0.8533670542029583,-0.016528586772683564
1.0,0.0,-0.38248569694627127,0.5747489260211622,-0.6175143030537287,-0.5747489260211622
1.0,0.0,-0.08580011575796781,0.1142450312692405,-0.9141998842420322,-0.1142450312692405
1.0,0.0,-0.38000045408336364,0.9186147093882715,-0.6199995459166363,-0.9186147093882715
1.0,0.0,-0.2536089730950787,0.17238948087133563,-0.7463910269049213,-0.17238948087133563
1.0,0.0,-0.18142380059249874,0.30534046885524496,-0.8185761994075013,-0.30534046885524496
1.0,0.0,-0.182526696944775,0.7357424832987224,-0.817473303055225,-0.7357424832987224
1.0,0.0,-0.29773528201846067,0.008502408397390528,-0.7022647179815393,-0.008502408397390528
1.0,0.0,-0.3400167176244659,0.3326974954921141,-0.659983282375534,-0.3326974954921141
1.0,0.0,-0.4060827883889677,0.7486666812777052,-0.5939172116110323,-0.7486666812777052
1.0,0.0,-0.45679998149990936,0.40063677205984527,-0.5432000185000907,-0.40063677205984527
1.0,0.0,-0.14395410318027524,0.12569218956333916,-0.8560458968197248,-0.12569218956333916
1.0,0.0,-0.04474155744098324,0.03124808126622172,-0.9552584425590167,-0.03124808126622172
1.0,0.0,-0.16161673115113062,0.15457106071124294,-0.8383832688488694,-0.15457106071124294
1.0,0.0,-0.03083237890410308,0.3568460915338782,-0.9691676210958969,-0.3568460915338782
1.0,0.0,-0.16690135555580693,0.8734340042832046,-0.833098644444193,-0.8734340042832046
1.0,0.0,-0.02426528836599721,0.17859267945514665,-0.9757347116340028,-0.17859267945514665
1.0,0.0,-0.03014192820069211,0.09815307923857583,-0.9698580717993079,-0.09815307923857583
1.0,0.0,-0.3818928581102739,0.5680245872406039,-0.6181071418897262,-0.5680245872406039
1.0,0.0,-0.09270634949738621,0.11335076064325318,-0.9072936505026138,-0.11335076064325318
1.0,0.0,-0.26337268956242826,0.810985452834339,-0.7366273104375718,-0.810985452834339
1.0,0.0,-0.05338594334140878,0.045011021460038686,-0.9466140566585912,-0.045011021460038686
1.0,0.0,-0.4081394581673558,0.640271411167098,-0.5918605418326441,-0.640271411167098
1.0,0.0,-0.2552806423814827,0.1585254440452649,-0.7447193576185174,-0.1585254440452649
1.0,0.0,-0.044192811967093126,0.06912105339369322,-0.9558071880329069,-0.06912105339369322
1.0,0.0,-0.019523525045136825,0.2211918917952357,-0.9804764749548631,-0.2211918917952357
1.0,0.0,-0.03522705710117108,0.021424801515035168,-0.964772942898829,-0.021424801515035168
1.0,0.0,-0.17373945443790056,0.07705742149440048,-0.8262605455620995,-0.07705742149440048
1.0,0.0,-0.02823141331786681,0.35605240335449073,-0.9717685866821332,-0.35605240335449073
1.0,0.0,-0.27651589701920426,0.46686149025536366,-0.7234841029807957,-0.46686149025536366
1.0,0.0,-0.1545899215875996,0.10980606827468314,-0.8454100784124003,-0.10980606827468314
1.0,0.0,-0.2980800957919714,0.07551355848195501,-0.7019199042080286,-0.07551355848195501
1.0,0.0,-0.33825268618595006,0.5730930961465938,-0.6617473138140499,-0.5730930961465938
1.0,0.0,-0.08761874884489068,0.3166312573990399,-0.9123812511551093,-0.3166312573990399
1.0,0.0,-0.0019084883952485416,0.014274813208305445,-0.9980915116047515,-0.014274813208305445
1.0,0.0,-0.2791489599636437,0.47397982817144974,-0.7208510400363564,-0.47397982817144974
1.0,0.0,-0.3746215111308742,0.5297292764270767,-0.6253784888691258,-0.5297292764270767
1.0,0.0,-0.1586834513999451,0.27375223056955533,-0.8413165486000549,-0.27375223056955533
1.0,0.0,-0.2079987592505026,0.050360612156769805,-0.7920012407494974,-0.050360612156769805
1.0,0.0,-0.3474885723157232,0.5960490883777095,-0.6525114276842767,-0.5960490883777095
1.0,0.0,-0.4078146392410949,0.3452189287630854,-0.5921853607589052,-0.3452189287630854
1.0,0.0,-0.15561757388872993,0.4815148836774846,-0.84438242611127,-0.4815148836774846
1.0,0.0,-0.3686894017471824,0.49752855717824307,-0.6313105982528175,-0.49752855717824307
1.0,0.0,-0.3852044109031485,0.10125668011325438,-0.6147955890968515,-0.10125668011325438
1.0,0.0,-0.13852425002396962,0.4241140708919947,-0.8614757499760304,-0.4241140708919947
1.0,0.0,-0.060478154333919544,0.9330237051602811,-0.9395218456660804,-0.9330237051602811
1.0,0.0,-0.05884975813165291,0.9498007095353916,-0.9411502418683471,-0.9498007095353916
1.0,0.0,-0.11372885827393342,0.18252236405594904,-0.8862711417260666,-0.18252236405594904
1.0,0.0,-0.09500583412760519,0.24925052892536093,-0.9049941658723948,-0.24925052892536093
1.0,0.0,-0.3140002615622686,0.38760822470650313,-0.6859997384377314,-0.38760822470650313
1.0,0.0,-0.378315853751452,0.5892229067691107,-0.6216841462485481,-0.5892229067691107
1.0,0.0,-0.43214735010181876,0.8770572094167656,-0.5678526498981813,-0.8770572094167656
1.0,0.0,-0.0005346331221324548,0.6274527819179552,-0.9994653668778676,-0.6274527819179552
1.0,0.0,-0.2257774850707337,0.12281215646486404,-0.7742225149292663,-0.12281215646486404
1.0,0.0,-0.008783127823952422,0.70248382661785,-0.9912168721760476,-0.70248382661785
1.0,0.0,-0.3865076731212798,0.9151170882688714,-0.6134923268787202,-0.9151170882688714
1.0,0.0,-0.4724318285743395,0.11511453115404671,-0.5275681714256605,-0.11511453115404671
1.0,0.0,-0.2921327946127401,0.2916230131676416,-0.7078672053872599,-0.2916230131676416
1.0,0.0,-0.156001354412048,0.05679409438017109,-0.843998645587952,-0.05679409438017109
1.0,0.0,-0.13846620344957378,0.4868826695294917,-0.8615337965504262,-0.4868826695294917
1.0,0.0,-0.13322991689271185,0.1564567105727836,-0.8667700831072882,-0.1564567105727836
1.0,0.0,-0.0028124140230649797,0.0002568525934337644,-0.997187585976935,-0.0002568525934337644
1.0,0.0,-0.10343686262314791,0.1800693808145483,-0.8965631373768521,-0.1800693808145483
1.0,0.0,-0.1498022396939861,0.17938808163121883,-0.8501977603060139,-0.17938808163121883
1.0,0.0,-0.034603413128207444,0.18257815809520755,-0.9653965868717925,-0.18257815809520755
1.0,0.0,-0.19491691050311888,0.37189794330578946,-0.8050830894968811,-0.37189794330578946
1.0,0.0,-0.18043328912073683,0.5713883702316407,-0.8195667108792631,-0.5713883702316407
1.0,0.0,-0.3202696240280747,0.4411046501389629,-0.6797303759719253,-0.4411046501389629
1.0,0.0,-0.2450497466166937,0.15504470378713064,-0.7549502533833063,-0.15504470378713064
1.0,0.0,-0.018309157167584855,0.031007847846155484,-0.9816908428324151,-0.031007847846155484
1.0,0.0,-0.06363572259999067,0.20336092481877593,-0.9363642774000094,-0.20336092481877593
1.0,0.0,-0.4423167416554539,0.8274187394391751,-0.5576832583445461,-0.8274187394391751
1.0,0.0,-0.19954513136781404,0.12661670603367478,-0.800454868632186,-0.12661670603367478
1.0,0.0,-0.07087451026022976,0.3451929813688383,-0.9291254897397703,-0.3451929813688383
1.0,0.0,-0.05540506519213817,0.002143418460958119,-0.9445949348078618,-0.002143418460958119
1.0,0.0,-0.4015597424419866,0.32125235090626936,-0.5984402575580134,-0.32125235090626936
1.0,0.0,-0.4529929911912312,0.3490488457211974,-0.5470070088087688,-0.3490488457211974
1.0,0.0,-0.07357082550397262,0.18779187313076345,-0.9264291744960274,-0.18779187313076345
1.0,0.0,-0.3206848313843727,0.20836812113745876,-0.6793151686156274,-0.20836812113745876
1.0,0.0,-0.42095609374795495,0.5686828184701187,-0.579043906252045,-0.5686828184701187
1.0,0.0,-0.024206148170725084,0.06690268048909132,-0.9757938518292749,-0.06690268048909132
1.0,0.0,-0.3373278411744947,0.09732260387304317,-0.6626721588255053,-0.09732260387304317
1.0,0.0,-0.04326643662634063,0.515381083701192,-0.9567335633736593,-0.515381083701192
1.0,0.0,-0.17813247389783093,0.23059902975452262,-0.8218675261021691,-0.23059902975452262
1.0,0.0,-0.4195179705741524,0.41222123462425464,-0.5804820294258476,-0.41222123462425464
1.0,0.0,-0.2714113473199195,0.4084189335479343,-0.7285886526800804,-0.4084189335479343
1.0,0.0,-0.0812344878316657,0.11110319201539663,-0.9187655121683342,-0.11110319201539663
1.0,0.0,-0.08887876535959743,0.9925771889325529,-0.9111212346404025,-0.9925771889325529
1.0,0.0,-0.4787932349703052,0.1546413034679107,-0.5212067650296948,-0.1546413034679107
1.0,0.0,-0.4780781959683286,0.4805558069619936,-0.5219218040316713,-0.4805558069619936
1.0,0.0,-0.22335096081038056,0.8178520908596804,-0.7766490391896195,-0.8178520908596804
1.0,0.0,-0.3470008969334393,0.09052295758471589,-0.6529991030665607,-0.09052295758471589
1.0,0.0,-0.272114816919092,0.08881305026226165,-0.727885183080908,-0.08881305026226165
1.0,0.0,-0.4669012362461537,0.6435180510128135,-0.5330987637538462,-0.6435180510128135
1.0,0.0,-0.3634560166360911,0.5702368463784273,-0.6365439833639088,-0.5702368463784273
1.0,0.0,-0.05871892728741501,0.09726363372800279,-0.941281072712585,-0.09726363372800279
1.0,0.0,-0.12958024219749148,0.002870380570172938,-0.8704197578025086,-0.002870380570172938
1.0,0.0,-0.004462801898460542,0.013290715147749219,-0.9955371981015395,-0.013290715147749219
1.0,0.0,-0.45034426997085897,0.18781705380319647,-0.549655730029141,-0.18781705380319647
1.0,0.0,-0.08629845618324425,0.5746365331053479,-0.9137015438167557,-0.5746365331053479
1.0,0.0,-0.13018842521029272,0.3815816272074154,-0.8698115747897073,-0.3815816272074154
1.0,0.0,-0.4600255320831596,0.06843492670439608,-0.5399744679168403,-0.06843492670439608
1.0,0.0,-0.17578723457963114,0.006724368707525643,-0.8242127654203688,-0.006724368707525643
1.0,0.0,-0.13276040122516652,0.0678933977053451,-0.8672395987748335,-0.0678933977053451
1.0,0.0,-0.044517745483738824,0.010235294918640885,-0.9554822545162611,-0.010235294918640885
1.0,0.0,-0.07926954343546302,0.7289997392577042,-0.920730456564537,-0.7289997392577042
1.0,0.0,-0.05282112016321701,0.10840834704999718,-0.947178879836783,-0.10840834704999718
1.0,0.0,-0.4279505917894795,0.005716343014834306,-0.5720494082105205,-0.005716343014834306
1.0,0.0,-0.15406284844079945,0.9300244513966038,-0.8459371515592006,-0.9300244513966038
1.0,0.0,-0.27526556891288656,0.6091438592729906,-0.7247344310871134,-0.6091438592729906
1.0,0.0,-0.035084978236515366,0.29935238624596,-0.9649150217634846,-0.29935238624596
1.0,0.0,-0.30622119236938605,0.007250588876863642,-0.693778807630614,-0.007250588876863642
1.0,0.0,-0.17501061243419005,0.9161809333325452,-0.82498938756581,-0.9161809333325452
1.0,0.0,-0.027898454115059035,0.35873021423112583,-0.9721015458849409,-0.35873021423112583
1.0,0.0,-0.17527473528616178,0.28179816126855856,-0.8247252647138382,-0.28179816126855856
1.0,0.0,-0.3932039272986032,0.12862689973970837,-0.6067960727013968,-0.12862689973970837
1.0,0.0,-0.20429081072549118,0.7536228523370013,-0.7957091892745088,-0.7536228523370013
1.0,0.0,-0.01979493816136446,0.013864886586514216,-0.9802050618386355,-0.013864886586514216
1.0,0.0,-0.3126739957960932,0.9320995977677162,-0.6873260042039069,-0.9320995977677162
1.0,0.0,-0.05789625346058856,0.24045182179633812,-0.9421037465394114,-0.24045182179633812
1.0,0.0,-0.23861333499966692,0.28315397666952336,-0.7613866650003331,-0.28315397666952336
1.0,0.0,-0.02416759427574342,0.055122549501625914,-0.9758324057242566,-0.055122549501625914
1.0,0.0,-0.4796765374774635,0.035429466203382935,-0.5203234625225365,-0.035429466203382935
1.0,0.0,-0.22827590679588647,0.76638365705706,-0.7717240932041135,-0.76638365705706
1.0,0.0,-0.2492348476039435,0.012822678692637637,-0.7507651523960566,-0.012822678692637637
1.0,0.0,-0.05872265513785701,0.5105086375138757,-0.941277344862143,-0.5105086375138757
1.0,0.0,-0.08783974213998363,0.08002569780446767,-0.9121602578600163,-0.08002569780446767
1.0,0.0,-0.3859104245738514,0.2119663901075047,-0.6140895754261486,-0.2119663901075047
1.0,0.0,-0.3803242474175117,0.28443253679592956,-0.6196757525824883,-0.28443253679592956
1.0,0.0,-0.20421795141717647,0.33588171542759376,-0.7957820485828235,-0.33588171542759376
1.0,0.0,-0.016751261264071258,0.055826281066643134,-0.9832487387359288,-0.055826281066643134
1.0,0.0,-0.4001682008054158,0.5571734414108565,-0.5998317991945842,-0.5571734414108565
1.0,0.0,-0.47391587886930164,0.1157093615981642,-0.5260841211306984,-0.1157093615981642
1.0,0.0,-0.3943606361864665,0.5234287546796569,-0.6056393638135336,-0.5234287546796569
1.0,0.0,-0.4820924697034889,0.30296290297552336,-0.517907530296511,-0.30296290297552336
1.0,0.0,-0.17100708979815282,0.2497769471211399,-0.8289929102018472,-0.2497769471211399
1.0,0.0,-0.18738166365311687,0.3176155436815454,-0.8126183363468831,-0.3176155436815454
1.0,0.0,-0.13713666199742103,0.002171772856207509,-0.862863338002579,-0.002171772856207509
1.0,0.0,-0.04649889442539341,0.11801548451363535,-0.9535011055746065,-0.11801548451363535
1.0,0.0,-0.2907852723943119,0.26822724610031945,-0.7092147276056882,-0.26822724610031945
1.0,0.0,-0.44005073453236215,0.5343135971412677,-0.5599492654676379,-0.5343135971412677
1.0,0.0,-0.033083555924361185,0.01003702659786908,-0.9669164440756388,-0.01003702659786908
1.0,0.0,-0.32255079059033953,0.4299340523043345,-0.6774492094096605,-0.4299340523043345
1.0,0.0,-0.3187511850310454,0.405823821223939,-0.6812488149689546,-0.405823821223939
1.0,0.0,-0.28077633493015514,0.07905001661222559,-0.7192236650698449,-0.07905001661222559
1.0,0.0,-0.40281645747079053,0.6590985317777718,-0.5971835425292095,-0.6590985317777718
1.0,0.0,-0.20048334386278943,0.2636338443151946,-0.7995166561372106,-0.2636338443151946
1.0,0.0,-0.14893248984984367,0.4627763869110908,-0.8510675101501564,-0.4627763869110908
1.0,0.0,-0.11504245895087384,0.15525860451284976,-0.8849575410491262,-0.15525860451284976
1.0,0.0,-0.18808752232398518,0.17832471357559754,-0.8119124776760148,-0.17832471357559754
1.0,0.0,-0.4103179202838958,0.7277815972493066,-0.5896820797161042,-0.7277815972493066
1.0,0.0,-0.15268211445524937,0.20799274860350048,-0.8473178855447506,-0.20799274860350048
1.0,0.0,-0.4575500448142731,0.14021084861474004,-0.5424499551857269,-0.14021084861474004
1.0,0.0,-0.10463689307863322,0.10175156084995386,-0.8953631069213668,-0.10175156084995386
1.0,0.0,-0.024161908327647436,0.06865017512445662,-0.9758380916723526,-0.06865017512445662
1.0,0.0,-0.13432137924658327,0.081232942070752,-0.8656786207534167,-0.081232942070752
1.0,0.0,-0.18698740069375763,0.8795490638433692,-0.8130125993062424,-0.8795490638433692
1.0,0.0,-0.04528106310711031,0.8586730572033409,-0.9547189368928897,-0.8586730572033409
1.0,0.0,-0.11281962735462843,0.7213467224070336,-0.8871803726453715,-0.7213467224070336
1.0,0.0,-0.003736451094556444,0.06755860318805898,-0.9962635489054436,-0.06755860318805898
1.0,0.0,-0.006863763412041467,0.0243518243539876,-0.9931362365879586,-0.0243518243539876
1.0,0.0,-0.17034258344312567,0.33983678617833596,-0.8296574165568743,-0.33983678617833596
1.0,0.0,-0.3550296274770819,0.40943891810808736,-0.6449703725229181,-0.40943891810808736
1.0,0.0,-0.1753402978842181,0.5702538621779856,-0.8246597021157819,-0.5702538621779856
1.0,0.0,-0.02889519288401191,0.638636794204292,-0.9711048071159881,-0.638636794204292
1.0,0.0,-0.027227273044391365,0.6124957076521947,-0.9727727269556087,-0.6124957076521947
1.0,0.0,-0.031146923580014613,0.15425192640591856,-0.9688530764199854,-0.15425192640591856
1.0,0.0,-0.13933318560689748,0.39827582587130056,-0.8606668143931026,-0.39827582587130056
1.0,0.0,-0.38892208250128635,0.3431864045553656,-0.6110779174987137,-0.3431864045553656
1.0,0.0,-0.24276887957449989,0.7199714534051276,-0.7572311204255001,-0.7199714534051276
1.0,0.0,-0.02106350201106738,0.018753198019076368,-0.9789364979889326,-0.018753198019076368
1.0,0.0,-0.3198477263431312,0.25055345441216126,-0.6801522736568688,-0.25055345441216126
1.0,0.0,-0.05778087765299642,0.3458000842564696,-0.9422191223470036,-0.3458000842564696
1.0,0.0,-0.49386034991910055,0.6247020573750863,-0.5061396500808995,-0.6247020573750863
1.0,0.0,-0.03476877113660827,0.5571740193742397,-0.9652312288633917,-0.5571740193742397
1.0,0.0,-0.41887765430386176,0.6169971765274108,-0.5811223456961383,-0.6169971765274108
1.0,0.0,-0.470081153846815,0.48144715310067593,-0.529918846153185,-0.48144715310067593
1.0,0.0,-0.1242946314556807,0.0419012343009783,-0.8757053685443192,-0.0419012343009783
1.0,0.0,-0.07457130287606066,0.7761457337603125,-0.9254286971239394,-0.7761457337603125
1.0,0.0,-0.18581069598445504,0.23021921652156163,-0.814189304015545,-0.23021921652156163
1.0,0.0,-0.07920266020077515,0.06581819677301025,-0.9207973397992248,-0.06581819677301025
1.0,0.0,-0.3290341541412564,0.4753342004680901,-0.6709658458587435,-0.4753342004680901
1.0,0.0,-0.2825553811811619,0.08163459884848684,-0.7174446188188381,-0.08163459884848684
1.0,0.0,-0.45328094973645444,0.5699101318012512,-0.5467190502635455,-0.5699101318012512
1.0,0.0,-0.25743312069351737,0.161572203747014,-0.7425668793064826,-0.161572203747014
1.0,0.0,-0.3205606045213896,0.4948249375972451,-0.6794393954786104,-0.4948249375972451
1.0,0.0,-0.1664777856281107,0.36076837749889085,-0.8335222143718893,-0.36076837749889085
1.0,0.0,-0.250375306135015,0.26775210547451855,-0.749624693864985,-0.26775210547451855
1.0,0.0,-0.1487636975174675,0.7334794519074295,-0.8512363024825325,-0.7334794519074295
1.0,0.0,-0.0005454281533118011,0.46170317639795544,-0.9994545718466882,-0.46170317639795544
1.0,0.0,-0.26350105643959115,0.35632130112902033,-0.7364989435604088,-0.35632130112902033
1.0,0.0,-0.4541840971590703,0.4564325600353769,-0.5458159028409297,-0.4564325600353769
1.0,0.0,-0.36683321097110827,0.46654623312942456,-0.6331667890288917,-0.46654623312942456
1.0,0.0,-0.024208243813667485,0.03767712884584604,-0.9757917561863325,-0.03767712884584604
1.0,0.0,-0.009211012597159451,0.010843112084516089,-0.9907889874028406,-0.010843112084516089
1.0,0.0,-0.19944411501886444,0.09889281585341586,-0.8005558849811356,-0.09889281585341586
1.0,0.0,-0.36863786939491644,0.13215197182472643,-0.6313621306050836,-0.13215197182472643
1.0,0.0,-0.19888234237409178,0.4558117457300767,-0.8011176576259083,-0.4558117457300767
1.0,0.0,-0.23188735204921346,0.3789262936816116,-0.7681126479507865,-0.3789262936816116
1.0,0.0,-0.43930182557943415,0.3431478712446884,-0.5606981744205659,-0.3431478712446884
1.0,0.0,-0.10490320403020517,0.2567992701979643,-0.8950967959697949,-0.2567992701979643
1.0,0.0,-0.03434895954828322,0.3750023033828491,-0.9656510404517168,-0.3750023033828491
1.0,0.0,-0.3708656557340562,0.3226890150164705,-0.6291343442659438,-0.3226890150164705
1.0,0.0,-0.03548648579158975,0.028830424307378165,-0.9645135142084102,-0.028830424307378165
1.0,0.0,-0.3574526194609368,0.3165609695699443,-0.6425473805390631,-0.3165609695699443
1.0,0.0,-0.22001687494217237,0.004365440157005197,-0.7799831250578276,-0.004365440157005197
1.0,0.0,-0.32178786436453666,0.4688674835425136,-0.6782121356354633,-0.4688674835425136
1.0,0.0,-0.22163355965246762,0.1440422163872164,-0.7783664403475323,-0.1440422163872164
1.0,0.0,-0.05786410974636032,0.27979898386323737,-0.9421358902536396,-0.27979898386323737
1.0,0.0,-0.251141894541503,0.3291116296170104,-0.7488581054584971,-0.3291116296170104
1.0,0.0,-0.14478988828448452,0.0651436964717994,-0.8552101117155155,-0.0651436964717994
1.0,0.0,-0.25141050440735047,0.022876995187464534,-0.7485894955926495,-0.022876995187464534
1.0,0.0,-0.22201492362334013,0.3030820454361876,-0.7779850763766598,-0.3030820454361876
1.0,0.0,-0.322635023247839,0.42465167792344244,-0.677364976752161,-0.42465167792344244
1.0,0.0,-0.09082932391172777,0.11310151209070687,-0.9091706760882723,-0.11310151209070687
1.0,0.0,-0.06094062647389087,0.06915741481778835,-0.9390593735261091,-0.06915741481778835
1.0,0.0,-0.11495006510516015,0.0688541027421543,-0.8850499348948399,-0.0688541027421543
1.0,0.0,-0.09599834666560514,0.23500934785614988,-0.9040016533343949,-0.23500934785614988
1.0,0.0,-0.3079458904802404,0.7305769065439077,-0.6920541095197597,-0.7305769065439077
1.0,0.0,-0.391256299828284,0.07233448163120298,-0.608743700171716,-0.07233448163120298
1.0,0.0,-0.010231381195637644,0.2147395887533115,-0.9897686188043624,-0.2147395887533115
1.0,0.0,-0.0794796223695249,0.42570054971925414,-0.9205203776304751,-0.42570054971925414
1.0,0.0,-0.316213982969192,0.33735638331361634,-0.683786017030808,-0.33735638331361634
1.0,0.0,-0.14109584366407918,0.10931068112736747,-0.8589041563359208,-0.10931068112736747
1.0,0.0,-0.02355471071391957,0.016629815857289624,-0.9764452892860804,-0.016629815857289624
1.0,0.0,-0.11080764541939403,0.10213488894231235,-0.889192354580606,-0.10213488894231235
1.0,0.0,-0.2335049248541186,0.3797761557117182,-0.7664950751458814,-0.3797761557117182
1.0,0.0,-0.06551700006255798,0.22975632366738968,-0.934482999937442,-0.22975632366738968
1.0,0.0,-0.1026318029909429,0.5324315771053509,-0.8973681970090571,-0.5324315771053509
1.0,0.0,-0.06713824052188216,0.03743097351498243,-0.9328617594781179,-0.03743097351498243
1.0,0.0,-0.356983975303439,0.09539648546789004,-0.643016024696561,-0.09539648546789004
1.0,0.0,-0.036794516309653746,0.054362011432374034,-0.9632054836903463,-0.054362011432374034
1.0,0.0,-0.21033411967892984,0.6447917886757022,-0.7896658803210701,-0.6447917886757022
1.0,0.0,-0.08778206938285943,0.04729577583160734,-0.9122179306171405,-0.04729577583160734
1.0,0.0,-0.11672506688798884,0.07668589575414643,-0.8832749331120111,-0.07668589575414643
1.0,0.0,-0.005377769871725134,0.062228742424375136,-0.9946222301282749,-0.062228742424375136
1.0,0.0,-0.41687387220317146,0.42523243813573625,-0.5831261277968285,-0.42523243813573625
1.0,0.0,-0.23210498869251298,0.9552278721227591,-0.767895011307487,-0.9552278721227591
1.0,0.0,-0.2333705678533538,0.3895413784684763,-0.7666294321466463,-0.3895413784684763
1.0,0.0,-0.12126230999847165,0.10374701146812355,-0.8787376900015283,-0.10374701146812355
1.0,0.0,-0.3283932743628966,0.0950231683819787,-0.6716067256371034,-0.0950231683819787
1.0,0.0,-0.4970410216500961,0.3398699680854563,-0.5029589783499039,-0.3398699680854563
1.0,0.0,-0.1535231373977885,0.04102943175855386,-0.8464768626022114,-0.04102943175855386
1.0,0.0,-0.42401013203638394,0.3331849908219702,-0.5759898679636161,-0.3331849908219702
1.0,0.0,-0.38539657154248425,0.6205358140215597,-0.6146034284575157,-0.6205358140215597
1.0,0.0,-0.00413133830698486,0.012933181974257257,-0.9958686616930151,-0.012933181974257257
1.0,0.0,-0.17097634807650808,0.02235458359564798,-0.8290236519234919,-0.02235458359564798
1.0,0.0,-0.1765941853501346,0.3009597572407149,-0.8234058146498654,-0.3009597572407149
1.0,0.0,-0.43566679988529716,0.5040027299954071,-0.5643332001147028,-0.5040027299954071
1.0,0.0,-0.04301571713792103,0.15798238197174763,-0.9569842828620789,-0.15798238197174763
1.0,0.0,-0.11061330868599722,0.18115778827900605,-0.8893866913140027,-0.18115778827900605
1.0,0.0,-0.09780993313587723,0.39156195035214925,-0.9021900668641227,-0.39156195035214925
1.0,0.0,-0.34014077597523157,0.22871866083207443,-0.6598592240247685,-0.22871866083207443
1.0,0.0,-0.48832134308397185,0.7315357767034292,-0.5116786569160281,-0.7315357767034292
1.0,0.0,-0.06333288011430002,0.42274793426807583,-0.9366671198857,-0.42274793426807583
1.0,0.0,-0.09815356845181311,0.006595425836012818,-0.9018464315481869,-0.006595425836012818
1.0,0.0,-0.2288468922972831,0.15711044865386592,-0.771153107702717,-0.15711044865386592
1.0,0.0,-0.16495308146620252,0.029697245181765346,-0.8350469185337974,-0.029697245181765346
1.0,0.0,-0.32993026196831265,0.5452494594243139,-0.6700697380316873,-0.5452494594243139
1.0,0.0,-0.4486086091788873,0.23852634136633807,-0.5513913908211128,-0.23852634136633807
1.0,0.0,-0.05573690668655837,0.1406380238076121,-0.9442630933134416,-0.1406380238076121
1.0,0.0,-0.22790527166879077,0.1885601152571099,-0.7720947283312092,-0.1885601152571099
1.0,0.0,-0.353783464901927,0.09340199177465087,-0.646216535098073,-0.09340199177465087
1.0,0.0,-0.061517663304654135,0.08765990803731817,-0.9384823366953459,-0.08765990803731817
1.0,0.0,-0.1867337076800441,0.24442477308893806,-0.8132662923199558,-0.24442477308893806
1.0,0.0,-0.05463409178986081,0.3036428682676871,-0.9453659082101392,-0.3036428682676871
1.0,0.0,-0.3161993078978133,0.6212432379765473,-0.6838006921021866,-0.6212432379765473
1.0,0.0,-0.37291394663477784,0.693011351153038,-0.6270860533652222,-0.693011351153038
1.0,0.0,-0.18093095341740556,0.18088246649654288,-0.8190690465825945,-0.18088246649654288
1.0,0.0,-0.024935270005639387,0.029301877642149126,-0.9750647299943607,-0.029301877642149126
1.0,0.0,-0.29517443316453634,0.3326020674213755,-0.7048255668354637,-0.3326020674213755
1.0,0.0,-0.43287316693217326,0.1741729372633882,-0.5671268330678267,-0.1741729372633882
1.0,0.0,-0.1356865033293297,0.12261841066959601,-0.8643134966706703,-0.12261841066959601
1.0,0.0,-0.30136009755652715,0.8295516254827411,-0.6986399024434728,-0.8295516254827411
1.0,0.0,-0.008329147455466415,0.043563223566866004,-0.9916708525445336,-0.043563223566866004
1.0,0.0,-0.19839104156053772,0.14152501719885943,-0.8016089584394623,-0.14152501719885943
1.0,0.0,-0.009878439205444536,0.08438848669756259,-0.9901215607945555,-0.08438848669756259
1.0,0.0,-0.4403679715921447,0.41188619455280256,-0.5596320284078553,-0.41188619455280256
1.0,0.0,-0.03587556145084974,0.7505384847347956,-0.9641244385491503,-0.7505384847347956
1.0,0.0,-0.07537195717959527,0.0773659519284544,-0.9246280428204048,-0.0773659519284544
1.0,0.0,-0.2419647513206957,0.7377542534363468,-0.7580352486793043,-0.7377542534363468
1.0,0.0,-0.3026151023098035,0.26046393010895813,-0.6973848976901965,-0.26046393010895813
1.0,0.0,-0.013662632221119249,0.26791190778858365,-0.9863373677788807,-0.26791190778858365
1.0,0.0,-0.06178040081826519,0.10524187557379236,-0.9382195991817348,-0.10524187557379236
1.0,0.0,-0.010473278022670039,0.5969297181467547,-0.9895267219773299,-0.5969297181467547
1.0,0.0,-0.17416929066307102,0.19282696751825765,-0.825830709336929,-0.19282696751825765
1.0,0.0,-0.121154423210389,0.20526012356767165,-0.8788455767896111,-0.20526012356767165
1.0,0.0,-0.15652921592283392,0.08297209861744906,-0.843470784077166,-0.08297209861744906
1.0,0.0,-0.06221139777319784,0.06917267394432478,-0.9377886022268022,-0.06917267394432478
1.0,0.0,-0.4796598694159851,0.6509272848626079,-0.520340130584015,-0.6509272848626079
1.0,0.0,-0.08042628780010802,0.10984539619866208,-0.9195737121998919,-0.10984539619866208
1.0,0.0,-0.30796217685062865,0.10012545200297529,-0.6920378231493713,-0.10012545200297529
1.0,0.0,-0.3802140648996311,0.891745759072107,-0.619785935100369,-0.891745759072107
1.0,0.0,-0.18815270091072733,0.47254520022294205,-0.8118472990892727,-0.47254520022294205
1.0,0.0,-0.12653948412831156,0.21240304067509527,-0.8734605158716884,-0.21240304067509527
1.0,0.0,-0.00145506875204135,0.0027732201984840793,-0.9985449312479586,-0.0027732201984840793
1.0,0.0,-0.19518206650913283,0.3116527171587656,-0.8048179334908672,-0.3116527171587656
1.0,0.0,-0.0558008546711003,0.07782107833439371,-0.9441991453288997,-0.07782107833439371
1.0,0.0,-0.0034655287891192654,0.005885196132627915,-0.9965344712108808,-0.005885196132627915
1.0,0.0,-0.444948151769849,0.585776957494589,-0.555051848230151,-0.585776957494589
1.0,0.0,-0.4974076882563317,0.6798024383036638,-0.5025923117436684,-0.6798024383036638
1.0,0.0,-0.0025217769503922687,0.008824259421938796,-0.9974782230496078,-0.008824259421938796
1.0,0.0,-0.1666992321623304,0.16093204908622394,-0.8333007678376696,-0.16093204908622394
1.0,0.0,-0.33519430993245025,0.8000614936022113,-0.6648056900675497,-0.8000614936022113
1.0,0.0,-0.38420364707250654,0.2633213545562601,-0.6157963529274935,-0.2633213545562601
1.0,0.0,-0.22780495545253904,0.7518174832205061,-0.772195044547461,-0.7518174832205061
1.0,0.0,-0.06581707181385624,0.27390867743554104,-0.9341829281861438,-0.27390867743554104
1.0,0.0,-0.013064583944377373,0.008317420404682523,-0.9869354160556226,-0.008317420404682523
1.0,0.0,-0.08305716039291255,0.04984560274301666,-0.9169428396070874,-0.04984560274301666
1.0,0.0,-0.05712380156764718,0.07085449590552273,-0.9428761984323528,-0.07085449590552273
1.0,0.0,-0.30651278111691266,0.6683215897620643,-0.6934872188830874,-0.6683215897620643
1.0,0.0,-0.14979184675738863,0.3029643550537162,-0.8502081532426113,-0.3029643550537162
1.0,0.0,-0.03675473449478396,0.16477194551848415,-0.963245265505216,-0.16477194551848415
1.0,0.0,-0.28867364737995627,0.23671966265511427,-0.7113263526200437,-0.23671966265511427
1.0,0.0,-0.12166197284247499,0.10537799275531538,-0.878338027157525,-0.10537799275531538
1.0,0.0,-0.16210222242670014,0.13963864307721383,-0.8378977775732999,-0.13963864307721383
1.0,0.0,-0.018864169994953772,0.007699326971743873,-0.9811358300050462,-0.007699326971743873
1.0,0.0,-0.04284291349948437,0.1410198065274395,-0.9571570865005157,-0.1410198065274395
1.0,0.0,-0.3494036248812993,0.11604221821922113,-0.6505963751187007,-0.11604221821922113
1.0,0.0,-0.11395962660656167,0.030647790071085396,-0.8860403733934383,-0.030647790071085396
1.0,0.0,-0.007414740868201174,0.015950994712649918,-0.9925852591317988,-0.015950994712649918
1.0,0.0,-0.17303976534884047,0.3172275452802893,-0.8269602346511595,-0.3172275452802893
1.0,0.0,-0.22252859519769674,0.10950720949866675,-0.7774714048023033,-0.10950720949866675
1.0,0.0,-0.3395985327962818,0.5067101573793846,-0.6604014672037182,-0.5067101573793846
1.0,0.0,-0.08325996622132179,0.45132227175385303,-0.9167400337786782,-0.45132227175385303
1.0,0.0,-0.13338436036467333,0.22814058981986887,-0.8666156396353266,-0.22814058981986887
1.0,0.0,-0.2211915511741584,0.44245194893648787,-0.7788084488258415,-0.44245194893648787
1.0,0.0,-0.09887265259289517,0.30832975019299846,-0.9011273474071049,-0.30832975019299846
1.0,0.0,-0.1372894493378659,0.0735084048250829,-0.8627105506621341,-0.0735084048250829
1.0,0.0,-0.19447040320653616,0.7363696172875897,-0.8055295967934638,-0.7363696172875897
1.0,0.0,-0.11988931560037847,0.16285651245946978,-0.8801106843996216,-0.16285651245946978
1.0,0.0,-0.0024773827114916713,0.0004144432976816246,-0.9975226172885083,-0.0004144432976816246
1.0,0.0,-0.03407805211766462,0.18906734137689932,-0.9659219478823354,-0.18906734137689932
1.0,0.0,-0.010243404026685691,0.6965905530950884,-0.9897565959733143,-0.6965905530950884
1.0,0.0,-0.274258042627195,0.2527048735586523,-0.725741957372805,-0.2527048735586523
1.0,0.0,-0.19187794167476646,0.817059167716671,-0.8081220583252335,-0.817059167716671
1.0,0.0,-0.2890494460187639,0.051195308975513325,-0.7109505539812361,-0.051195308975513325
1.0,0.0,-0.37700109133035603,0.2755118257278509,-0.6229989086696439,-0.2755118257278509
1.0,0.0,-0.30532441857379683,0.4147636059116313,-0.6946755814262031,-0.4147636059116313
1.0,0.0,-0.47262677089032723,0.27076368702347753,-0.5273732291096728,-0.27076368702347753
1.0,0.0,-0.18316195811919384,0.6699303100421423,-0.8168380418808061,-0.6699303100421423
1.0,0.0,-0.014360910165275688,0.09187104757279324,-0.9856390898347243,-0.09187104757279324
1.0,0.0,-0.49717989732413403,0.31240698065680594,-0.502820102675866,-0.31240698065680594
1.0,0.0,-0.3033146607630355,0.6123633592901079,-0.6966853392369645,-0.6123633592901079
1.0,0.0,-0.010141036129359472,0.06764227926690376,-0.9898589638706405,-0.06764227926690376
1.0,0.0,-0.07910897022214024,0.5294440514624921,-0.9208910297778597,-0.5294440514624921
1.0,0.0,-0.22070974790501852,0.8253431574778813,-0.7792902520949815,-0.8253431574778813
1.0,0.0,-0.2746597268987783,0.47514710803080035,-0.7253402731012217,-0.47514710803080035
1.0,0.0,-0.1837022154784882,0.01833815241080142,-0.8162977845215118,-0.01833815241080142
1.0,0.0,-0.12226822272651339,0.5056413447650784,-0.8777317772734866,-0.5056413447650784
1.0,0.0,-0.37780058206874495,0.5649132836481152,-0.6221994179312551,-0.5649132836481152
1.0,0.0,-0.4764094639569844,0.502361738457162,-0.5235905360430155,-0.502361738457162
1.0,0.0,-0.3729917925755555,0.5288373436966397,-0.6270082074244445,-0.5288373436966397
1.0,0.0,-0.43399539043206664,0.32273130694096397,-0.5660046095679334,-0.32273130694096397
1.0,0.0,-0.016241442512465787,0.027296212759274994,-0.9837585574875343,-0.027296212759274994
1.0,0.0,-0.28248313970021216,0.3045629058211072,-0.7175168602997879,-0.3045629058211072
1.0,0.0,-0.25917849069750676,0.02975112042179793,-0.7408215093024932,-0.02975112042179793
1.0,0.0,-0.1202408525031407,0.021311994493027016,-0.8797591474968594,-0.021311994493027016
1.0,0.0,-0.4528564977578775,0.7276913221509279,-0.5471435022421225,-0.7276913221509279
1.0,0.0,-0.17991884745427628,0.2379618766856854,-0.8200811525457237,-0.2379618766856854
1.0,0.0,-0.4020449362834298,0.5009734472417378,-0.5979550637165703,-0.5009734472417378
1.0,0.0,-0.22715692947086658,0.28092152841112134,-0.7728430705291334,-0.28092152841112134
1.0,0.0,-0.4569426127677885,0.5146054566713739,-0.5430573872322115,-0.5146054566713739
1.0,0.0,-0.44084213162691666,0.7281945004259391,-0.5591578683730833,-0.7281945004259391
1.0,0.0,-0.032895952247000176,0.09143654603983763,-0.9671040477529999,-0.09143654603983763
1.0,0.0,-0.46978083186016195,0.5043645603801018,-0.530219168139838,-0.5043645603801018
1.0,0.0,-0.34651212091683403,0.89096217066485,-0.653487879083166,-0.89096217066485
1.0,0.0,-0.07835971858027979,0.0020379106849775417,-0.9216402814197202,-0.0020379106849775417
1.0,0.0,-0.23233370282997373,0.5174882863989687,-0.7676662971700263,-0.5174882863989687
1.0,0.0,-0.48412947366896675,0.3915028451953415,-0.5158705263310333,-0.3915028451953415
1.0,0.0,-0.4208463023496588,0.45075027185268784,-0.5791536976503412,-0.45075027185268784
1.0,0.0,-0.12885245391489364,0.017368364860055767,-0.8711475460851064,-0.017368364860055767
1.0,0.0,-0.4996200012527173,0.47600090693824354,-0.5003799987472827,-0.47600090693824354
1.0,0.0,-0.1412225825897655,0.2110053094365281,-0.8587774174102345,-0.2110053094365281
1.0,0.0,-0.06748648958882758,0.07548773544040144,-0.9325135104111724,-0.07548773544040144
1.0,0.0,-0.2095160356184596,0.316617197454975,-0.7904839643815404,-0.316617197454975
1.0,0.0,-0.31883588376671174,0.18363153420191036,-0.6811641162332882,-0.18363153420191036
1.0,0.0,-0.19078104534331636,0.2770181022955226,-0.8092189546566837,-0.2770181022955226
1.0,0.0,-0.36835702871154163,0.15317714072605781,-0.6316429712884584,-0.15317714072605781
1.0,0.0,-0.3452699603924833,0.12171112347772904,-0.6547300396075166,-0.12171112347772904
1.0,0.0,-0.3407646771058679,0.6947274562709417,-0.6592353228941321,-0.6947274562709417
1.0,0.0,-0.0194969040437755,0.26280569707005125,-0.9805030959562245,-0.26280569707005125
1.0,0.0,-0.3727906670132938,0.4675105585952687,-0.6272093329867062,-0.4675105585952687
1.0,0.0,-0.13283582396986943,0.1891915521066262,-0.8671641760301305,-0.1891915521066262
1.0,0.0,-0.08938404521029125,0.02362654278803231,-0.9106159547897088,-0.02362654278803231
1.0,0.0,-0.16108337748474677,0.033070630310240025,-0.8389166225152532,-0.033070630310240025
1.0,0.0,-0.1629991032892034,0.7109576106109821,-0.8370008967107966,-0.7109576106109821
1.0,0.0,-0.1601989240464119,0.22245399089801124,-0.8398010759535881,-0.22245399089801124
1.0,0.0,-0.42027673596479187,0.7147397078591007,-0.5797232640352081,-0.7147397078591007
1.0,0.0,-0.16940205958436252,0.3138683245120869,-0.8305979404156375,-0.3138683245120869
1.0,0.0,-0.3354156248640078,0.4319543959957391,-0.6645843751359922,-0.4319543959957391
1.0,0.0,-0.3853253578207401,0.42136999418512666,-0.6146746421792599,-0.42136999418512666
1.0,0.0,-0.3188405300234044,0.17524095194429673,-0.6811594699765956,-0.17524095194429673
1.0,0.0,-0.29505937670366894,0.15391033661007242,-0.7049406232963311,-0.15391033661007242
1.0,0.0,-0.006163036462717173,0.13489410909918892,-0.9938369635372828,-0.13489410909918892
1.0,0.0,-0.28147147585548854,0.273272223638127,-0.7185285241445114,-0.273272223638127
1.0,0.0,-0.20745311292099933,0.27150891777442093,-0.7925468870790007,-0.27150891777442093
1.0,0.0,-0.05115210544723,0.5488087571561179,-0.94884789455277,-0.5488087571561179
1.0,0.0,-0.3767647546344179,0.45468266711405014,-0.6232352453655821,-0.45468266711405014
1.0,0.0,-0.13603555096933817,0.16409146567421196,-0.8639644490306618,-0.16409146567421196
1.0,0.0,-0.47098675483456154,0.36979116773330145,-0.5290132451654385,-0.36979116773330145
1.0,0.0,-0.38444504342859925,0.7038307411653695,-0.6155549565714007,-0.7038307411653695
1.0,0.0,-0.20948412880090123,0.20313663426250136,-0.7905158711990987,-0.20313663426250136
1.0,0.0,-0.08853167084154093,0.21768718657613897,-0.9114683291584591,-0.21768718657613897
1.0,0.0,-0.44568542186612914,0.13841552589288464,-0.5543145781338709,-0.13841552589288464
1.0,0.0,-0.2495943999813141,0.4316323886666588,-0.7504056000186858,-0.4316323886666588
1.0,0.0,-0.011700205271054642,0.018171648162423185,-0.9882997947289454,-0.018171648162423185
1.0,0.0,-0.3007435303807826,0.6921496933004216,-0.6992564696192174,-0.6921496933004216
1.0,0.0,-0.10048032548065731,0.7570705659557431,-0.8995196745193427,-0.7570705659557431
1.0,0.0,-0.40422406109491793,0.6201316924834064,-0.5957759389050821,-0.6201316924834064
1.0,0.0,-0.012784098752667141,0.0762794977310872,-0.9872159012473328,-0.0762794977310872
1.0,0.0,-0.07752612771018798,0.3627600089176969,-0.922473872289812,-0.3627600089176969
1.0,0.0,-0.11772480678729044,0.5498619987864312,-0.8822751932127095,-0.5498619987864312
1.0,0.0,-0.1505902197550075,0.29890694305429866,-0.8494097802449925,-0.29890694305429866
1.0,0.0,-0.38533671337577036,0.8962126920871718,-0.6146632866242296,-0.8962126920871718
1.0,0.0,-0.0006862748354316925,0.00314615201995362,-0.9993137251645683,-0.00314615201995362
1.0,0.0,-0.019690463520966654,0.16328149282174434,-0.9803095364790333,-0.16328149282174434
1.0,0.0,-0.24117766547135275,0.6545069527123751,-0.7588223345286472,-0.6545069527123751
1.0,0.0,-0.10459798070051707,0.10922551068714814,-0.8954020192994829,-0.10922551068714814
1.0,0.0,-0.2557686420120397,0.4311318779266498,-0.7442313579879603,-0.4311318779266498
1.0,0.0,-0.1571536518882839,0.07639503597053447,-0.8428463481117161,-0.07639503597053447
1.0,0.0,-0.14254268185112073,0.18459807393993047,-0.8574573181488793,-0.18459807393993047
1.0,0.0,-0.06139239072304353,0.08554960573744415,-0.9386076092769564,-0.08554960573744415
1.0,0.0,-0.16063824607935906,0.1146377284281928,-0.8393617539206409,-0.1146377284281928
1.0,0.0,-0.46002169845480134,0.6216107399174406,-0.5399783015451987,-0.6216107399174406
1.0,0.0,-0.49735830257178454,0.6284935900051891,-0.5026416974282155,-0.6284935900051891
1.0,0.0,-0.06844937220844893,0.0909171516764514,-0.9315506277915511,-0.0909171516764514
1.0,0.0,-0.050606389082725634,0.030230794347504645,-0.9493936109172744,-0.030230794347504645
1.0,0.0,-0.07864807935114637,0.08192209824374257,-0.9213519206488536,-0.08192209824374257
1.0,0.0,-0.18819208739370819,0.09823907900799639,-0.8118079126062918,-0.09823907900799639
1.0,0.0,-0.0037644860540596015,0.0045898871359330295,-0.9962355139459405,-0.0045898871359330295
1.0,0.0,-0.15717498046966696,0.6702837732498966,-0.8428250195303331,-0.6702837732498966
1.0,0.0,-0.13211152144819627,0.07771453566537594,-0.8678884785518037,-0.07771453566537594
1.0,0.0,-0.0016239383414879856,0.00942957715128791,-0.998376061658512,-0.00942957715128791
1.0,0.0,-0.13552355903214158,0.21374015275627153,-0.8644764409678585,-0.21374015275627153
1.0,0.0,-0.33840176612683104,0.8212235974000239,-0.661598233873169,-0.8212235974000239
1.0,0.0,-0.170222155676593,0.0338851169541665,-0.829777844323407,-0.0338851169541665
1.0,0.0,-0.37920431470879534,0.48031770636157695,-0.6207956852912047,-0.48031770636157695
1.0,0.0,-0.019919109440835192,0.033713529246146005,-0.9800808905591648,-0.033713529246146005
1.0,0.0,-0.36262074287767193,0.4679856485262378,-0.637379257122328,-0.4679856485262378
1.0,0.0,-0.14580963379790324,0.40637789819329123,-0.8541903662020968,-0.40637789819329123
1.0,0.0,-0.04740270272297986,0.027971153468754978,-0.9525972972770201,-0.027971153468754978
1.0,0.0,-0.49413975150361944,0.118974826552436,-0.5058602484963806,-0.118974826552436
1.0,0.0,-0.11876145923622665,0.8272747636105209,-0.8812385407637734,-0.8272747636105209
1.0,0.0,-0.1528046575269702,0.22182175707800922,-0.8471953424730299,-0.22182175707800922
1.0,0.0,-0.0767945301354912,0.0717033294986792,-0.9232054698645088,-0.0717033294986792
1.0,0.0,-0.18990938336008462,0.05490154894098584,-0.8100906166399153,-0.05490154894098584
1.0,0.0,-0.24526615942452046,0.4260367134788983,-0.7547338405754795,-0.4260367134788983
1.0,0.0,-0.17939883086131142,0.06692969274708331,-0.8206011691386885,-0.06692969274708331
1.0,0.0,-0.006847467334932744,0.009746891577917036,-0.9931525326650672,-0.009746891577917036
1.0,0.0,-0.3144011813382143,0.4684432705684831,-0.6855988186617856,-0.4684432705684831
1.0,0.0,-0.11016585192095385,0.1886954817278241,-0.8898341480790461,-0.1886954817278241
1.0,0.0,-0.007475507212765429,0.06342069852660531,-0.9925244927872345,-0.06342069852660531
1.0,0.0,-0.3702968751960234,0.5924190137915739,-0.6297031248039766,-0.5924190137915739
1.0,0.0,-0.15510108845267803,0.5166810584876649,-0.844898911547322,-0.5166810584876649
1.0,0.0,-0.14505102843940604,0.08576424565839719,-0.854948971560594,-0.08576424565839719
1.0,0.0,-0.030346860736494896,0.04545302093094949,-0.969653139263505,-0.04545302093094949
1.0,0.0,-0.23939545144189595,0.3472574546594124,-0.7606045485581041,-0.3472574546594124
1.0,0.0,-0.06601094131230542,0.244832513855635,-0.9339890586876946,-0.244832513855635
1.0,0.0,-0.27307579223480527,0.9350681527416427,-0.7269242077651947,-0.9350681527416427
1.0,0.0,-0.1785631524421954,0.26531956654311495,-0.8214368475578047,-0.26531956654311495
1.0,0.0,-0.16261211253489244,0.27499876475400936,-0.8373878874651075,-0.27499876475400936
1.0,0.0,-0.21669900541104187,0.9566579399571412,-0.7833009945889582,-0.9566579399571412
1.0,0.0,-0.06103275315818639,0.11847816479350735,-0.9389672468418137,-0.11847816479350735
1.0,0.0,-0.14641940822348898,0.0577166498529568,-0.853580591776511,-0.0577166498529568
1.0,0.0,-0.3030828761693831,0.19671611533302397,-0.6969171238306169,-0.19671611533302397
1.0,0.0,-0.290161201348717,0.40635257424505783,-0.7098387986512831,-0.40635257424505783
1.0,0.0,-0.09479749828095907,0.05868281121500056,-0.9052025017190409,-0.05868281121500056
1.0,0.0,-0.44845025239839525,0.12736751837885188,-0.5515497476016047,-0.12736751837885188
1.0,0.0,-0.1101276982809773,0.2850858538601714,-0.8898723017190227,-0.2850858538601714
1.0,0.0,-0.4198474313305031,0.5551882491347432,-0.5801525686694968,-0.5551882491347432
1.0,0.0,-0.08573396900670059,0.6296253304307737,-0.9142660309932994,-0.6296253304307737
1.0,0.0,-0.2984753053435292,0.29128712857803485,-0.7015246946564708,-0.29128712857803485
1.0,0.0,-0.021102400149402553,0.30887994527118284,-0.9788975998505974,-0.30887994527118284
1.0,0.0,-0.4233792748225541,0.6088996495625719,-0.5766207251774459,-0.6088996495625719
1.0,0.0,-0.07291592990263296,0.10256398566305173,-0.927084070097367,-0.10256398566305173
1.0,0.0,-0.06556231762721954,0.07198011994855563,-0.9344376823727805,-0.07198011994855563
1.0,0.0,-0.4809827228756832,0.6590987257727232,-0.5190172771243168,-0.6590987257727232
1.0,0.0,-0.3054651179381874,0.433782041703598,-0.6945348820618126,-0.433782041703598
1.0,0.0,-0.2997493541025521,0.1372838252144526,-0.7002506458974479,-0.1372838252144526
1.0,0.0,-0.1462245460736462,0.640149198021561,-0.8537754539263538,-0.640149198021561
1.0,0.0,-0.32158244821790627,0.039218412157256174,-0.6784175517820937,-0.039218412157256174
1.0,0.0,-0.3021390932821239,0.8076109271452988,-0.697860906717876,-0.8076109271452988
1.0,0.0,-0.34024372348139165,0.6215682141383827,-0.6597562765186084,-0.6215682141383827
1.0,0.0,-0.3012448007872773,0.08815025800852938,-0.6987551992127228,-0.08815025800852938
1.0,0.0,-0.053532035474449624,0.0570330372128774,-0.9464679645255504,-0.0570330372128774
1.0,0.0,-0.3794937864626183,0.5974530084407669,-0.6205062135373818,-0.5974530084407669
1.0,0.0,-0.21446475106550794,0.3165729015659104,-0.785535248934492,-0.3165729015659104
1.0,0.0,-0.46880823540224714,0.026678251324375204,-0.5311917645977529,-0.026678251324375204
1.0,0.0,-0.4234209686344891,0.2575799067576021,-0.5765790313655109,-0.2575799067576021
1.0,0.0,-0.13009524662825006,0.1766610400628095,-0.8699047533717499,-0.1766610400628095
1.0,0.0,-0.22364647959347955,0.41777535227691864,-0.7763535204065204,-0.41777535227691864
1.0,0.0,-0.3237649299123757,0.7075681328563718,-0.6762350700876243,-0.7075681328563718
1.0,0.0,-0.20338104370068255,0.32856398854386754,-0.7966189562993174,-0.32856398854386754
1.0,0.0,-0.26700327056306267,0.031035731408720704,-0.7329967294369373,-0.031035731408720704
1.0,0.0,-0.0078534014413566,0.013538620285877753,-0.9921465985586434,-0.013538620285877753
1.0,0.0,-0.21564466464803644,0.37175853247868446,-0.7843553353519636,-0.37175853247868446
1.0,0.0,-0.38724282439986224,0.7966195054911342,-0.6127571756001378,-0.7966195054911342
1.0,0.0,-0.2960526988919842,0.47066419280478194,-0.7039473011080157,-0.47066419280478194
1.0,0.0,-0.2833064842993173,0.4624086553304859,-0.7166935157006826,-0.4624086553304859
1.0,0.0,-0.23259439342483607,0.2221723882012761,-0.767405606575164,-0.2221723882012761
1.0,0.0,-0.06946709204350349,0.02089250846838544,-0.9305329079564966,-0.02089250846838544
1.0,0.0,-0.07813466264076675,0.46582268476332844,-0.9218653373592333,-0.46582268476332844
1.0,0.0,-0.3938009060588882,0.07974146410387452,-0.6061990939411118,-0.07974146410387452
1.0,0.0,-0.27387888624475426,0.8313870916363176,-0.7261211137552457,-0.8313870916363176
1.0,0.0,-0.3743353022115418,0.6863362389917356,-0.6256646977884581,-0.6863362389917356
1.0,0.0,-0.21078968958829442,0.34475633447600973,-0.7892103104117056,-0.34475633447600973
1.0,0.0,-0.3345163514671031,0.37202910045757165,-0.6654836485328969,-0.37202910045757165
1.0,0.0,-0.1550871563418581,0.18808932413519658,-0.8449128436581419,-0.18808932413519658
1.0,0.0,-0.18032211411741106,0.29777375551067725,-0.8196778858825889,-0.29777375551067725
1.0,0.0,-0.19783934159200214,0.9372542161946152,-0.8021606584079979,-0.9372542161946152
1.0,0.0,-0.027758335811769095,0.13579183731998384,-0.9722416641882309,-0.13579183731998384
1.0,0.0,-0.3871803472328352,0.5122272349533402,-0.6128196527671648,-0.5122272349533402
1.0,0.0,-0.06094326444990378,0.10546093633767041,-0.9390567355500963,-0.10546093633767041
1.0,0.0,-0.057876441127996336,0.08684288022640368,-0.9421235588720036,-0.08684288022640368
1.0,0.0,-0.08664203116108665,0.3213345928666839,-0.9133579688389133,-0.3213345928666839
1.0,0.0,-0.3896510584119102,0.0999541875261216,-0.6103489415880898,-0.0999541875261216
1.0,0.0,-0.17024888698365015,0.22090523482251803,-0.8297511130163499,-0.22090523482251803
1.0,0.0,-0.025960788144795913,0.050266780204903355,-0.974039211855204,-0.050266780204903355
1.0,0.0,-0.33480595063722995,0.503586618650424,-0.66519404936277,-0.503586618650424
1.0,0.0,-0.3488470727562794,0.2053320425579426,-0.6511529272437206,-0.2053320425579426
1.0,0.0,-0.46343816845917835,0.07019480668186144,-0.5365618315408216,-0.07019480668186144
1.0,0.0,-0.3516456737851977,0.2563966090921263,-0.6483543262148024,-0.2563966090921263
1.0,0.0,-0.47863982344067646,0.1233682988130598,-0.5213601765593235,-0.1233682988130598
1.0,0.0,-0.05463836996002219,0.061835695639287036,-0.9453616300399779,-0.061835695639287036
1.0,0.0,-0.3674387830908599,0.23494283508911784,-0.6325612169091401,-0.23494283508911784
1.0,0.0,-0.13789772100740338,0.1637597534089114,-0.8621022789925966,-0.1637597534089114
1.0,0.0,-0.08326294122651068,0.442921002618738,-0.9167370587734893,-0.442921002618738
1.0,0.0,-0.04046664968504575,0.0987276284582813,-0.9595333503149542,-0.0987276284582813
1.0,0.0,-0.025036105558742527,0.017156253083109852,-0.9749638944412575,-0.017156253083109852
1.0,0.0,-0.3098328263064141,0.6158490114260916,-0.6901671736935859,-0.6158490114260916
1.0,0.0,-0.378320241110012,0.3744554768833742,-0.621679758889988,-0.3744554768833742
1.0,0.0,-0.009263565708196603,0.20583385603874693,-0.9907364342918034,-0.20583385603874693
1.0,0.0,-0.08632325353300141,0.04707729829610147,-0.9136767464669986,-0.04707729829610147
1.0,0.0,-0.19638756163445353,0.08323272815576153,-0.8036124383655465,-0.08323272815576153
1.0,0.0,-0.07250035933259308,0.11276188590791195,-0.927499640667407,-0.11276188590791195
1.0,0.0,-0.4420382850339704,0.36975254606674596,-0.5579617149660296,-0.36975254606674596
1.0,0.0,-0.16931138738868862,0.28730253667981703,-0.8306886126113113,-0.28730253667981703
1.0,0.0,-0.46621712365489837,0.3698513668799391,-0.5337828763451016,-0.3698513668799391
1.0,0.0,-0.049551371334929574,0.1020856634314315,-0.9504486286650704,-0.1020856634314315
1.0,0.0,-0.16311330118222245,0.06776862777604006,-0.8368866988177776,-0.06776862777604006
1.0,0.0,-0.018355302658358497,0.024429519731516816,-0.9816446973416415,-0.024429519731516816
1.0,0.0,-0.05386217201543103,0.06801931306608444,-0.9461378279845689,-0.06801931306608444
1.0,0.0,-0.018688616368445758,0.13600723007422505,-0.9813113836315542,-0.13600723007422505
1.0,0.0,-0.2865265471370284,0.9384304909023383,-0.7134734528629716,-0.9384304909023383
1.0,0.0,-0.020677637389013626,0.025901914833678878,-0.9793223626109864,-0.025901914833678878
1.0,0.0,-0.2598207081462468,0.39910280101279266,-0.7401792918537532,-0.39910280101279266
1.0,0.0,-0.24064914618485417,0.34779904129201017,-0.7593508538151459,-0.34779904129201017
1.0,0.0,-0.013241432454131737,0.1123596325741258,-0.9867585675458682,-0.1123596325741258
1.0,0.0,-0.0786034520459532,0.3070945191705936,-0.9213965479540468,-0.3070945191705936
1.0,0.0,-0.008851025875382557,0.012469382897878183,-0.9911489741246174,-0.012469382897878183
1.0,0.0,-0.16753816396145288,0.28224560342214083,-0.8324618360385472,-0.28224560342214083
1.0,0.0,-0.44354582848997987,0.5293957554420379,-0.5564541715100202,-0.5293957554420379
1.0,0.0,-0.296075828122351,0.48601546156809433,-0.703924171877649,-0.48601546156809433
1.0,0.0,-0.05793818485243707,0.06657011269256537,-0.9420618151475629,-0.06657011269256537
1.0,0.0,-0.49884217562316574,0.8346808777985787,-0.5011578243768342,-0.8346808777985787
1.0,0.0,-0.10024175648750626,0.32385751151047276,-0.8997582435124938,-0.32385751151047276
1.0,0.0,-0.015810249289283488,0.11276876864899518,-0.9841897507107165,-0.11276876864899518
1.0,0.0,-0.3826283821133385,0.23190249513327385,-0.6173716178866615,-0.23190249513327385
1.0,0.0,-0.15465110392022968,0.23137486996063275,-0.8453488960797704,-0.23137486996063275
1.0,0.0,-0.32199185441884776,0.34806945565727926,-0.6780081455811522,-0.34806945565727926
1.0,0.0,-0.06713330283064162,0.03591714535804713,-0.9328666971693584,-0.03591714535804713
1.0,0.0,-0.12393979913797387,0.1953284603770753,-0.8760602008620262,-0.1953284603770753
1.0,0.0,-0.05411922577056294,0.05929832208224211,-0.9458807742294371,-0.05929832208224211
1.0,0.0,-0.3356689466303574,0.5265610917942006,-0.6643310533696426,-0.5265610917942006
1.0,0.0,-0.3259237122770593,0.0651077052787635,-0.6740762877229407,-0.0651077052787635
1.0,0.0,-0.1939671257162774,0.21273853296222126,-0.8060328742837226,-0.21273853296222126
1.0,0.0,-0.40999260104667756,0.6159584913870557,-0.5900073989533224,-0.6159584913870557
1.0,0.0,-0.35151615916844126,0.7818865744886121,-0.6484838408315587,-0.7818865744886121
1.0,0.0,-0.0816801886094065,0.7434213610826587,-0.9183198113905935,-0.7434213610826587
1.0,0.0,-0.403903383444417,0.35384193666037234,-0.596096616555583,-0.35384193666037234
1.0,0.0,-0.4375958201491814,0.5587286724820181,-0.5624041798508186,-0.5587286724820181
1.0,0.0,-0.48536064827825176,0.4559953885067473,-0.5146393517217482,-0.4559953885067473
1.0,0.0,-0.10926834096454968,0.018890516017060183,-0.8907316590354504,-0.018890516017060183
1.0,0.0,-0.46706637724670025,0.6613396029368923,-0.5329336227532997,-0.6613396029368923
1.0,0.0,-0.27404631531901213,0.08803239649955104,-0.7259536846809879,-0.08803239649955104
1.0,0.0,-0.41946152790746355,0.23831055959491887,-0.5805384720925364,-0.23831055959491887
1.0,0.0,-0.06803193965453036,0.017819256936507485,-0.9319680603454696,-0.017819256936507485
1.0,0.0,-0.16433452194733084,0.19040135775258463,-0.8356654780526691,-0.19040135775258463
1.0,0.0,-0.26584494586556695,0.4915565831654516,-0.734155054134433,-0.4915565831654516
1.0,0.0,-0.33350732909585684,0.5342861071852517,-0.6664926709041432,-0.5342861071852517
1.0,0.0,-0.0011875051869610354,0.0017938754896459062,-0.998812494813039,-0.0017938754896459062
1.0,0.0,-0.2372819718537813,0.3908769184993922,-0.7627180281462187,-0.3908769184993922
1.0,0.0,-0.11036459940542002,0.5487478802836803,-0.88963540059458,-0.5487478802836803
1.0,0.0,-0.1837492662281509,0.31758771250238443,-0.8162507337718491,-0.31758771250238443
1.0,0.0,-0.2889194880480409,0.8512158887977586,-0.7110805119519591,-0.8512158887977586
1.0,0.0,-0.36663151863119336,0.30388439780949267,-0.6333684813688066,-0.30388439780949267
1.0,0.0,-0.1401694527213544,0.21377785526915075,-0.8598305472786456,-0.21377785526915075
1.0,0.0,-0.49478271149390024,0.2653295463340596,-0.5052172885060997,-0.2653295463340596
1.0,0.0,-0.10355133689451498,0.6869383258092591,-0.896448663105485,-0.6869383258092591
1.0,0.0,-0.02781991694056653,0.33833183011934986,-0.9721800830594335,-0.33833183011934986
1.0,0.0,-0.06557603743089122,0.563883997270295,-0.9344239625691088,-0.563883997270295
1.0,0.0,-0.004807362177297467,0.08872406023290369,-0.9951926378227025,-0.08872406023290369
1.0,0.0,-0.22564437664994313,0.32505938009676916,-0.7743556233500568,-0.32505938009676916
1.0,0.0,-0.38509271678181406,0.1283117673802835,-0.6149072832181859,-0.1283117673802835
1.0,0.0,-0.1714645109227409,0.2632506353215174,-0.8285354890772592,-0.2632506353215174
1.0,0.0,-0.2311425436394819,0.3796602727227052,-0.7688574563605182,-0.3796602727227052
1.0,0.0,-0.3801189272650211,0.4217221891710789,-0.6198810727349788,-0.4217221891710789
1.0,0.0,-0.02725403251012643,0.3906028309062702,-0.9727459674898735,-0.3906028309062702
1.0,0.0,-0.43902108155079467,0.6968981389851905,-0.5609789184492053,-0.6968981389851905
1.0,0.0,-0.06266147806397904,0.0358611173593098,-0.937338521936021,-0.0358611173593098
1.0,0.0,-0.050787202273105014,0.04296017556698813,-0.9492127977268949,-0.04296017556698813
1.0,0.0,-0.4477668829506829,0.4800293626748695,-0.5522331170493171,-0.4800293626748695
1.0,0.0,-0.25706881178689667,0.4131171060427698,-0.7429311882131033,-0.4131171060427698
1.0,0.0,-0.37194337357853235,0.417651874774251,-0.6280566264214676,-0.417651874774251
1.0,0.0,-0.43271325703279295,0.6528684594685356,-0.567286742967207,-0.6528684594685356
1.0,0.0,-0.06941716520854121,0.19753955813384894,-0.9305828347914588,-0.19753955813384894
1.0,0.0,-0.24558802890233597,0.49934655850288573,-0.754411971097664,-0.49934655850288573
1.0,0.0,-0.03344714107751323,0.05432418539095045,-0.9665528589224868,-0.05432418539095045
1.0,0.0,-0.43881344729189103,0.1887375364550183,-0.561186552708109,-0.1887375364550183
1.0,0.0,-0.02945602562426236,0.05011986580910087,-0.9705439743757376,-0.05011986580910087
1.0,0.0,-0.4060932080267388,0.6372057079249374,-0.5939067919732612,-0.6372057079249374
1.0,0.0,-0.14542587003002083,0.10322104498528702,-0.8545741299699792,-0.10322104498528702
1.0,0.0,-0.12963606308983952,0.4149038263299177,-0.8703639369101605,-0.4149038263299177
1.0,0.0,-0.02785092338038825,0.008480118938226602,-0.9721490766196117,-0.008480118938226602
1.0,0.0,-0.1372862196596014,0.9126452005492732,-0.8627137803403986,-0.9126452005492732
1.0,0.0,-0.020906467269960025,0.049496875766794124,-0.97909353273004,-0.049496875766794124
1.0,0.0,-0.21887498465489558,0.26496651293097884,-0.7811250153451044,-0.26496651293097884
1.0,0.0,-0.1399225395427014,0.13982633091303817,-0.8600774604572986,-0.13982633091303817
1.0,0.0,-0.02981570684722723,0.0412594658110667,-0.9701842931527728,-0.0412594658110667
1.0,0.0,-0.17222520674460878,0.2945665673960365,-0.8277747932553912,-0.2945665673960365
1.0,0.0,-0.2656942360597872,0.3701251053910114,-0.7343057639402129,-0.3701251053910114
1.0,0.0,-0.010818030682403298,0.4908562899002143,-0.9891819693175967,-0.4908562899002143
1.0,0.0,-0.35195559777461755,0.1512943408334296,-0.6480444022253824,-0.1512943408334296
1.0,0.0,-0.2790166507850256,0.5484096882018462,-0.7209833492149744,-0.5484096882018462
1.0,0.0,-0.347136733108213,0.19321562625574754,-0.652863266891787,-0.19321562625574754
1.0,0.0,-0.13078076288283036,0.03358762642747916,-0.8692192371171696,-0.03358762642747916
1.0,0.0,-0.024030976819514906,0.1994430672748049,-0.9759690231804851,-0.1994430672748049
1.0,0.0,-0.4122681151002019,0.5979673884120882,-0.5877318848997981,-0.5979673884120882
1.0,0.0,-0.2571558966926925,0.23387471954285952,-0.7428441033073074,-0.23387471954285952
1.0,0.0,-0.4544242684781304,0.23339013869369377,-0.5455757315218697,-0.23339013869369377
1.0,0.0,-0.06635624694646708,0.07908863704153679,-0.9336437530535329,-0.07908863704153679
1.0,0.0,-0.48554102136504723,0.8143805472035669,-0.5144589786349527,-0.8143805472035669
1.0,0.0,-0.13175541923322925,0.34624376971166454,-0.8682445807667707,-0.34624376971166454
1.0,0.0,-0.14639236648228715,0.08747960881965103,-0.8536076335177128,-0.08747960881965103
1.0,0.0,-0.020393643007023066,0.030719202922342925,-0.9796063569929769,-0.030719202922342925
1.0,0.0,-0.038662474154371906,0.5378361964403853,-0.961337525845628,-0.5378361964403853
1.0,0.0,-0.36001091038486027,0.5852250097213971,-0.6399890896151397,-0.5852250097213971
1.0,0.0,-0.49842693985914577,0.5238268131128346,-0.5015730601408542,-0.5238268131128346
1.0,0.0,-0.36566843677527666,0.5920314033810693,-0.6343315632247233,-0.5920314033810693
1.0,0.0,-0.32874084640426093,0.4164407590739142,-0.6712591535957391,-0.4164407590739142
1.0,0.0,-0.31412415936535565,0.1792707102778835,-0.6858758406346444,-0.1792707102778835
1.0,0.0,-0.09680977645163033,0.3763283878807318,-0.9031902235483696,-0.3763283878807318
1.0,0.0,-0.37347291940322364,0.03598038999771475,-0.6265270805967764,-0.03598038999771475
1.0,0.0,-0.12595707358886654,0.06906490206321604,-0.8740429264111335,-0.06906490206321604
1.0,0.0,-0.11949448260373649,0.29431025437738284,-0.8805055173962635,-0.29431025437738284
1.0,0.0,-0.05329552305509755,0.5307909311177881,-0.9467044769449025,-0.5307909311177881
1.0,0.0,-0.4200803369768804,0.7168502016292906,-0.5799196630231196,-0.7168502016292906
1.0,0.0,-0.3399868864565203,0.07583879603212917,-0.6600131135434797,-0.07583879603212917
1.0,0.0,-0.4681752557583302,0.18470826303051113,-0.5318247442416698,-0.18470826303051113
1.0,0.0,-0.1153181591539667,0.044420888109685856,-0.8846818408460333,-0.044420888109685856
1.0,0.0,-0.32200561913057374,0.4126959513209538,-0.6779943808694262,-0.4126959513209538
1.0,0.0,-0.09205979840581026,0.5451551053195699,-0.9079402015941898,-0.5451551053195699
1.0,0.0,-0.022162101241379833,0.2051968401867741,-0.9778378987586201,-0.2051968401867741
1.0,0.0,-0.05708366515917948,0.1046515745352106,-0.9429163348408205,-0.1046515745352106
1.0,0.0,-0.06822624097250429,0.1724197470859075,-0.9317737590274957,-0.1724197470859075
1.0,0.0,-0.4897199802007132,0.39272380826317876,-0.5102800197992867,-0.39272380826317876
1.0,0.0,-0.015754958911321972,0.3354930697052608,-0.984245041088678,-0.3354930697052608
1.0,0.0,-0.1260622297957077,0.035773105852807116,-0.8739377702042923,-0.035773105852807116
1.0,0.0,-0.12222901011666432,0.3177247580699293,-0.8777709898833357,-0.3177247580699293
1.0,0.0,-0.07399419845803118,0.29645861451564853,-0.9260058015419688,-0.29645861451564853
1.0,0.0,-0.31949141490188465,0.8509392572837278,-0.6805085850981154,-0.8509392572837278
1.0,0.0,-0.09563080486883879,0.4845032508129393,-0.9043691951311612,-0.4845032508129393
1.0,0.0,-0.04197830738319976,0.22814548430863582,-0.9580216926168003,-0.22814548430863582
1.0,0.0,-0.10912380768913166,0.13176155821495236,-0.8908761923108683,-0.13176155821495236
1.0,0.0,-0.47642376791628177,0.18330292819141333,-0.5235762320837183,-0.18330292819141333
1.0,0.0,-0.30823699448421077,0.8226314742724676,-0.6917630055157893,-0.8226314742724676
1.0,0.0,-0.007503477428869143,0.0021349864316116845,-0.9924965225711309,-0.0021349864316116845
1.0,0.0,-0.2760158139814285,0.14680935946433718,-0.7239841860185715,-0.14680935946433718
1.0,0.0,-0.345510281559028,0.8611300509740178,-0.6544897184409719,-0.8611300509740178
1.0,0.0,-0.06990162194524703,0.7441865918199579,-0.9300983780547529,-0.7441865918199579
1.0,0.0,-0.15649356377163304,0.14643872308657438,-0.843506436228367,-0.14643872308657438
1.0,0.0,-0.47420090591861097,0.773116530905081,-0.525799094081389,-0.773116530905081
1.0,0.0,-0.357312909265845,0.4488054421903437,-0.642687090734155,-0.4488054421903437
1.0,0.0,-0.13967970520695278,0.3229810514647621,-0.8603202947930473,-0.3229810514647621
1.0,0.0,-0.4753588956977479,0.7492406725994636,-0.5246411043022521,-0.7492406725994636
1.0,0.0,-0.4115548005769128,0.0796522521136166,-0.5884451994230873,-0.0796522521136166
1.0,0.0,-0.3150828881147717,0.4546874561028993,-0.6849171118852283,-0.4546874561028993
1.0,0.0,-0.008984925906900393,0.06711653848207338,-0.9910150740930996,-0.06711653848207338
1.0,0.0,-0.4083204290559902,0.11387881858731909,-0.5916795709440098,-0.11387881858731909
1.0,0.0,-0.13709539499361556,0.020634680873794244,-0.8629046050063844,-0.020634680873794244
1.0,0.0,-0.03416889588711056,0.1857618236375147,-0.9658311041128894,-0.1857618236375147
1.0,0.0,-0.0004400501248503522,0.1129416995294914,-0.9995599498751496,-0.1129416995294914
1.0,0.0,-0.2822998489424463,0.4750116037647005,-0.7177001510575537,-0.4750116037647005
1.0,0.0,-0.2879605304876301,0.36670887968991706,-0.71203946951237,-0.36670887968991706
1.0,0.0,-0.2981262796862273,0.5140201590243092,-0.7018737203137727,-0.5140201590243092
1.0,0.0,-0.12242887566570404,0.13272290250369337,-0.877571124334296,-0.13272290250369337
1.0,0.0,-0.0133183731170369,0.7463183185629316,-0.9866816268829631,-0.7463183185629316
1.0,0.0,-0.13485266483726946,0.834229631224386,-0.8651473351627306,-0.834229631224386
1.0,0.0,-0.0006644107125771878,0.01622852682757861,-0.9993355892874228,-0.01622852682757861
1.0,0.0,-0.04633407312789006,0.038780518817452064,-0.9536659268721099,-0.038780518817452064
1.0,0.0,-0.0641035785254206,0.33274062201892085,-0.9358964214745794,-0.33274062201892085
1.0,0.0,-0.4216841622307504,0.23614138274278038,-0.5783158377692497,-0.23614138274278038
1.0,0.0,-0.3715816874430226,0.589645531912786,-0.6284183125569773,-0.589645531912786
1.0,0.0,-0.3224254573890858,0.02041711389962436,-0.6775745426109142,-0.02041711389962436
1.0,0.0,-0.1170945727914528,0.111737982946711,-0.8829054272085473,-0.111737982946711
1.0,0.0,-0.024653089785951415,0.05576786063440794,-0.9753469102140486,-0.05576786063440794
1.0,0.0,-0.0461921996679181,0.07672085341434023,-0.9538078003320819,-0.07672085341434023
1.0,0.0,-0.30578849887386433,0.415647348746835,-0.6942115011261356,-0.415647348746835
1.0,0.0,-0.06187758322418774,0.07520135083516355,-0.9381224167758122,-0.07520135083516355
1.0,0.0,-0.23981673976190612,0.5047011667972573,-0.7601832602380939,-0.5047011667972573
1.0,0.0,-0.0469247552036301,0.009409420571874385,-0.95307524479637,-0.009409420571874385
1.0,0.0,-0.01439857996934974,0.11048700983537967,-0.9856014200306502,-0.11048700983537967
1.0,0.0,-0.2348093985572518,0.04733343294548014,-0.7651906014427482,-0.04733343294548014
1.0,0.0,-0.10587526569694805,0.017014507734848063,-0.894124734303052,-0.017014507734848063
1.0,0.0,-0.3201524751050456,0.12810831880093906,-0.6798475248949545,-0.12810831880093906
1.0,0.0,-0.18496645191961741,0.7937276264833909,-0.8150335480803825,-0.7937276264833909
1.0,0.0,-0.07764977398717099,0.07374139471986749,-0.922350226012829,-0.07374139471986749
1.0,0.0,-0.40948084624408365,0.7771800309307181,-0.5905191537559163,-0.7771800309307181
1.0,0.0,-0.0023120751255862326,0.0004421668129738075,-0.9976879248744137,-0.0004421668129738075
1.0,0.0,-0.030460459965587976,0.9433197112137149,-0.969539540034412,-0.9433197112137149
1.0,0.0,-0.22936957343529163,0.28060294539612574,-0.7706304265647084,-0.28060294539612574
1.0,0.0,-0.4157818220318437,0.5135226488634717,-0.5842181779681563,-0.5135226488634717
1.0,0.0,-0.03773938799230969,0.029882878439329175,-0.9622606120076903,-0.029882878439329175
1.0,0.0,-0.3929595081649161,0.7938199276455393,-0.6070404918350839,-0.7938199276455393
1.0,0.0,-0.38578058855599934,0.23898309918883082,-0.6142194114440007,-0.23898309918883082
1.0,0.0,-0.12204280709072016,0.8639922887043626,-0.8779571929092799,-0.8639922887043626
1.0,0.0,-0.10925584184819682,0.312296177640651,-0.8907441581518032,-0.312296177640651
1.0,0.0,-0.3865942844984274,0.21836072809516288,-0.6134057155015726,-0.21836072809516288
1.0,0.0,-0.3109634572957194,0.17519509565863464,-0.6890365427042806,-0.17519509565863464
1.0,0.0,-0.4724995575371567,0.01655461867260575,-0.5275004424628433,-0.01655461867260575
1.0,0.0,-0.07872817699191681,0.10364652029630142,-0.9212718230080832,-0.10364652029630142
1.0,0.0,-0.38478125206212604,0.5998199826681134,-0.6152187479378739,-0.5998199826681134
1.0,0.0,-0.09757087384972239,0.8847946263500923,-0.9024291261502776,-0.8847946263500923
1.0,0.0,-0.049133572334382036,0.05948443428636587,-0.950866427665618,-0.05948443428636587
1.0,0.0,-0.09292709455886483,0.1173999510604987,-0.9070729054411352,-0.1173999510604987
1.0,0.0,-0.1366484620038989,0.18156024378995161,-0.8633515379961011,-0.18156024378995161
1.0,0.0,-0.2154229453013914,0.0070480496791949475,-0.7845770546986086,-0.0070480496791949475
1.0,0.0,-0.21018721839869564,0.289603031463424,-0.7898127816013043,-0.289603031463424
1.0,0.0,-0.004374944764643791,0.015353956319326144,-0.9956250552353562,-0.015353956319326144
1.0,0.0,-0.07992499392874094,0.24771337616717756,-0.920075006071259,-0.24771337616717756
1.0,0.0,-0.4175139059795737,0.5822561827047458,-0.5824860940204263,-0.5822561827047458
1.0,0.0,-0.3379371298710158,0.11463056648296086,-0.6620628701289841,-0.11463056648296086
1.0,0.0,-0.11572875476694705,0.17719787923129451,-0.884271245233053,-0.17719787923129451
1.0,0.0,-0.01511763380712941,0.2740231791474442,-0.9848823661928706,-0.2740231791474442
1.0,0.0,-0.08296740448798195,0.0937005889936762,-0.917032595512018,-0.0937005889936762
1.0,0.0,-0.18562335460149165,0.2956751564999517,-0.8143766453985084,-0.2956751564999517
1.0,0.0,-0.27967929841672146,0.8309251704350571,-0.7203207015832785,-0.8309251704350571
1.0,0.0,-0.10088709112197516,0.8898405095418188,-0.8991129088780249,-0.8898405095418188
1.0,0.0,-0.2715733713084406,0.43765979025400886,-0.7284266286915594,-0.43765979025400886
1.0,0.0,-0.010513537471460513,0.27284352101151604,-0.9894864625285394,-0.27284352101151604
1.0,0.0,-0.2981404850636705,0.513023011511043,-0.7018595149363295,-0.513023011511043
1.0,0.0,-0.3177118937442492,0.1413875057278313,-0.6822881062557509,-0.1413875057278313
1.0,0.0,-0.2843986682682766,0.27882715401799285,-0.7156013317317234,-0.27882715401799285
1.0,0.0,-0.2616441814356104,0.3676196645274368,-0.7383558185643896,-0.3676196645274368
1.0,0.0,-0.3430534316133016,0.42419294715408457,-0.6569465683866984,-0.42419294715408457
1.0,0.0,-0.48446881839288775,0.7980506150607356,-0.5155311816071122,-0.7980506150607356
1.0,0.0,-0.23663964420657796,0.1969971474766859,-0.7633603557934221,-0.1969971474766859
1.0,0.0,-0.170271063802071,0.661007442928568,-0.829728936197929,-0.661007442928568
1.0,0.0,-0.11098345605245308,0.14921155406136272,-0.8890165439475469,-0.14921155406136272
1.0,0.0,-0.46013139433217376,0.4251957522592938,-0.5398686056678262,-0.4251957522592938
1.0,0.0,-0.05612889958663007,0.48134849664045515,-0.94387110041337,-0.48134849664045515
1.0,0.0,-0.36679764201151993,0.7516133996754663,-0.63320235798848,-0.7516133996754663
1.0,0.0,-0.016301144391906473,0.03550038789061804,-0.9836988556080936,-0.03550038789061804
1.0,0.0,-0.055388612617460996,0.5009904287165934,-0.944611387382539,-0.5009904287165934
1.0,0.0,-0.4466701374597398,0.514617550593752,-0.5533298625402602,-0.514617550593752
1.0,0.0,-0.012570596551527065,0.0709550477316519,-0.987429403448473,-0.0709550477316519
1.0,0.0,-0.2681767936760898,0.4030819584171117,-0.7318232063239102,-0.4030819584171117
1.0,0.0,-0.26643493481276087,0.5486388707491153,-0.7335650651872392,-0.5486388707491153
1.0,0.0,-0.43419148458053414,0.24517300896835514,-0.5658085154194659,-0.24517300896835514
1.0,0.0,-0.3753020749955388,0.03888099966493723,-0.6246979250044612,-0.03888099966493723
1.0,0.0,-0.46767139076074427,0.7609681349009542,-0.5323286092392557,-0.7609681349009542
1.0,0.0,-0.32967901042369135,0.5606804366069069,-0.6703209895763087,-0.5606804366069069
1.0,0.0,-0.05412089977523515,0.12580498514975189,-0.9458791002247648,-0.12580498514975189
1.0,0.0,-0.31880010671258224,0.16810455204471889,-0.6811998932874177,-0.16810455204471889
1.0,0.0,-0.38212589979367173,0.25927969362934056,-0.6178741002063283,-0.25927969362934056
1.0,0.0,-0.08336087435246176,0.09526862561619587,-0.9166391256475382,-0.09526862561619587
1.0,0.0,-0.27277765515211794,0.2539445226518134,-0.7272223448478821,-0.2539445226518134
1.0,0.0,-0.19662362833372277,0.08252752900133736,-0.8033763716662772,-0.08252752900133736
1.0,0.0,-0.12153521581467741,0.10149478499550431,-0.8784647841853226,-0.10149478499550431
1.0,0.0,-0.48315486310641914,0.0798394863773607,-0.5168451368935809,-0.0798394863773607
1.0,0.0,-0.03759454810318204,0.2370174158774163,-0.9624054518968179,-0.2370174158774163
1.0,0.0,-0.4348773297225096,0.7330687404023941,-0.5651226702774904,-0.7330687404023941
1.0,0.0,-0.211003179768651,0.40149488820778567,-0.788996820231349,-0.40149488820778567
1.0,0.0,-0.38858660198768546,0.08541897526332262,-0.6114133980123145,-0.08541897526332262
1.0,0.0,-0.03816173082014224,0.03309841284085125,-0.9618382691798577,-0.03309841284085125
1.0,0.0,-0.12120105686792527,0.21078491246242462,-0.8787989431320747,-0.21078491246242462
1.0,0.0,-0.2019239433415254,0.8379134433479034,-0.7980760566584746,-0.8379134433479034
1.0,0.0,-0.4387926730546443,0.20299440937271102,-0.5612073269453557,-0.20299440937271102
1.0,0.0,-0.3283155037745363,0.3416862768205172,-0.6716844962254638,-0.3416862768205172
1.0,0.0,-0.2824863072747977,0.4595587710153166,-0.7175136927252024,-0.4595587710153166
1.0,0.0,-0.12521330821648297,0.16648902304049612,-0.874786691783517,-0.16648902304049612
1.0,0.0,-0.3855133874267657,0.1835306788250317,-0.6144866125732342,-0.1835306788250317
1.0,0.0,-0.4560892515903954,0.6997781098162655,-0.5439107484096046,-0.6997781098162655
1.0,0.0,-0.2580373502362303,0.5483011652305935,-0.7419626497637697,-0.5483011652305935
1.0,0.0,-0.49303484666289377,0.580725506317772,-0.5069651533371062,-0.580725506317772
1.0,0.0,-0.42296287259711846,0.31085773110114306,-0.5770371274028816,-0.31085773110114306
1.0,0.0,-0.289312887288024,0.4752037246594278,-0.710687112711976,-0.4752037246594278
1.0,0.0,-0.026594704134496657,0.05885092785291028,-0.9734052958655034,-0.05885092785291028
1.0,0.0,-0.020228006975192326,0.212336016464768,-0.9797719930248077,-0.212336016464768
1.0,0.0,-0.015513626232077426,0.2261948697839893,-0.9844863737679226,-0.2261948697839893
1.0,0.0,-0.10663610425989206,0.0004866880417318289,-0.893363895740108,-0.0004866880417318289
1.0,0.0,-0.19043229001675838,0.22262831143910863,-0.8095677099832417,-0.22262831143910863
1.0,0.0,-0.36702949655380684,0.604453899743966,-0.6329705034461932,-0.604453899743966
1.0,0.0,-0.41047638255998603,0.4052618729502058,-0.589523617440014,-0.4052618729502058
1.0,0.0,-0.34566134434500256,0.35148076468241063,-0.6543386556549975,-0.35148076468241063
1.0,0.0,-0.012958851114782548,0.1307054609267817,-0.9870411488852174,-0.1307054609267817
1.0,0.0,-0.294670849394564,0.8561072410246697,-0.705329150605436,-0.8561072410246697
1.0,0.0,-0.19709095672098226,0.3158856919063486,-0.8029090432790178,-0.3158856919063486
1.0,0.0,-0.23890608940669783,0.24463804183923285,-0.7610939105933021,-0.24463804183923285
1.0,0.0,-0.08955186135363043,0.5222307963258338,-0.9104481386463695,-0.5222307963258338
1.0,0.0,-0.015057382511003902,0.2670701135687992,-0.9849426174889961,-0.2670701135687992
1.0,0.0,-0.4333960255723517,0.01740261560944042,-0.5666039744276483,-0.01740261560944042
1.0,0.0,-0.0008916807398136606,0.00070327785634018,-0.9991083192601864,-0.00070327785634018
1.0,0.0,-0.3730595904953405,0.27810051878361647,-0.6269404095046596,-0.27810051878361647
1.0,0.0,-0.2741888570712957,0.3488009581303754,-0.7258111429287043,-0.3488009581303754
1.0,0.0,-0.17284164796110646,0.36643379625678524,-0.8271583520388935,-0.36643379625678524
1.0,0.0,-0.2739464581653233,0.8918667102644297,-0.7260535418346767,-0.8918667102644297
1.0,0.0,-0.18007145681137465,0.0874180702608629,-0.8199285431886254,-0.0874180702608629
1.0,0.0,-0.07906057250264839,0.2047143160821458,-0.9209394274973516,-0.2047143160821458
1.0,0.0,-0.032439269803623105,0.3536395535404542,-0.9675607301963769,-0.3536395535404542
1.0,0.0,-0.0792333544095628,0.09322533212738464,-0.9207666455904372,-0.09322533212738464
1.0,0.0,-0.07335718207414449,0.05903754177016981,-0.9266428179258555,-0.05903754177016981
1.0,0.0,-0.39736911085045085,0.6489735494046824,-0.6026308891495491,-0.6489735494046824
1.0,0.0,-0.0888139213849426,0.055274836202653214,-0.9111860786150574,-0.055274836202653214
1.0,0.0,-0.08364356759364866,0.8415958500836161,-0.9163564324063513,-0.8415958500836161
1.0,0.0,-0.22587749716440403,0.25680957162454465,-0.774122502835596,-0.25680957162454465
1.0,0.0,-0.2472984389928835,0.6164168096044348,-0.7527015610071165,-0.6164168096044348
1.0,0.0,-0.024536219229675766,0.2497719847876017,-0.9754637807703243,-0.2497719847876017
1.0,0.0,-0.14402603687674354,0.2160299758736569,-0.8559739631232565,-0.2160299758736569
1.0,0.0,-0.05600028780237948,0.048019231560001964,-0.9439997121976205,-0.048019231560001964
1.0,0.0,-0.14400387661835534,0.2724178249836026,-0.8559961233816447,-0.2724178249836026
1.0,0.0,-0.14570052817842366,0.13155080756680546,-0.8542994718215764,-0.13155080756680546
1.0,0.0,-0.1189517529869909,0.12329396524498766,-0.8810482470130091,-0.12329396524498766
1.0,0.0,-0.23606428306977104,0.42016979184892395,-0.763935716930229,-0.42016979184892395
1.0,0.0,-0.010267490659354221,0.036897789147302955,-0.9897325093406458,-0.036897789147302955
1.0,0.0,-0.16619590101786058,0.1364706220113223,-0.8338040989821394,-0.1364706220113223
1.0,0.0,-0.06762721224014667,0.10882299559015039,-0.9323727877598533,-0.10882299559015039
1.0,0.0,-0.1804821753047708,0.016192924153251912,-0.8195178246952293,-0.016192924153251912
1.0,0.0,-0.3025363049891719,0.0784687657956754,-0.6974636950108282,-0.0784687657956754
1.0,0.0,-0.0014682895199105124,0.06349800893262186,-0.9985317104800895,-0.06349800893262186
1.0,0.0,-0.27019872581326343,0.4442415470784134,-0.7298012741867366,-0.4442415470784134
1.0,0.0,-0.17290632383278776,0.5422988579846744,-0.8270936761672123,-0.5422988579846744
1.0,0.0,-0.05054465313933897,0.10122590692950856,-0.949455346860661,-0.10122590692950856
1.0,0.0,-0.3495084969138106,0.6098854715083423,-0.6504915030861894,-0.6098854715083423
1.0,0.0,-0.051820774430932165,0.3492089976654037,-0.9481792255690679,-0.3492089976654037
1.0,0.0,-0.2457448903356544,0.07355174345757441,-0.7542551096643456,-0.07355174345757441
1.0,0.0,-0.34677614112990085,0.3876980716441656,-0.6532238588700991,-0.3876980716441656
1.0,0.0,-0.03593494291976579,0.001376049323749873,-0.9640650570802343,-0.001376049323749873
1.0,0.0,-0.0908127319093068,0.8570347575568904,-0.9091872680906932,-0.8570347575568904
1.0,0.0,-0.0049421231714905645,0.003634308177908147,-0.9950578768285094,-0.003634308177908147
1.0,0.0,-0.041355591793639575,0.08770444022835963,-0.9586444082063604,-0.08770444022835963
1.0,0.0,-0.04315983918263805,0.03304031661804633,-0.956840160817362,-0.03304031661804633
1.0,0.0,-0.04475527907571292,0.07111919671442406,-0.9552447209242871,-0.07111919671442406
1.0,0.0,-0.2598493142509156,0.4261691683355286,-0.7401506857490844,-0.4261691683355286
1.0,0.0,-0.1978992101912843,0.22805528054160693,-0.8021007898087157,-0.22805528054160693
1.0,0.0,-0.2202458304952151,0.4512960369217818,-0.7797541695047849,-0.4512960369217818
1.0,0.0,-0.05493761894657436,0.495946242083681,-0.9450623810534257,-0.495946242083681
1.0,0.0,-0.005789942581588882,0.2874973957126688,-0.9942100574184111,-0.2874973957126688
1.0,0.0,-0.19526144647296556,0.12885404055709457,-0.8047385535270344,-0.12885404055709457
1.0,0.0,-0.009708057037833355,0.032492695670375084,-0.9902919429621666,-0.032492695670375084
1.0,0.0,-0.23116420456920772,0.28370096648924287,-0.7688357954307923,-0.28370096648924287
1.0,0.0,-0.04836005971231094,0.06119815587002515,-0.9516399402876891,-0.06119815587002515
1.0,0.0,-0.14949694345753065,0.43909838732754686,-0.8505030565424694,-0.43909838732754686
1.0,0.0,-0.4476424649878948,0.265106147144632,-0.5523575350121053,-0.265106147144632
1.0,0.0,-0.04886215954177414,0.04010705201511804,-0.9511378404582258,-0.04010705201511804
1.0,0.0,-0.13733212654177746,0.23140729045526018,-0.8626678734582225,-0.23140729045526018
1.0,0.0,-0.11669683186828755,0.4179546200066464,-0.8833031681317125,-0.4179546200066464
1.0,0.0,-0.061155623017877955,0.25518782807795537,-0.9388443769821221,-0.25518782807795537
1.0,0.0,-0.036459161437894336,0.32627373335439075,-0.9635408385621057,-0.32627373335439075
1.0,0.0,-0.17680468309831443,0.12405157953335642,-0.8231953169016856,-0.12405157953335642
1.0,0.0,-0.006854324411867951,0.009788070825068202,-0.993145675588132,-0.009788070825068202
1.0,0.0,-0.3561805877384365,0.4839990574382238,-0.6438194122615635,-0.4839990574382238
1.0,0.0,-0.12447182720697203,0.045247775600090585,-0.875528172793028,-0.045247775600090585
1.0,0.0,-0.1921871273281675,0.16411755639544523,-0.8078128726718325,-0.16411755639544523
1.0,0.0,-0.18345972034592647,0.6071772809790893,-0.8165402796540735,-0.6071772809790893
1.0,0.0,-0.11831262324100675,0.4814396278227943,-0.8816873767589932,-0.4814396278227943
1.0,0.0,-0.00037879825434115416,0.08794483674409888,-0.9996212017456588,-0.08794483674409888
1.0,0.0,-0.24047037538979738,0.5045973635970782,-0.7595296246102026,-0.5045973635970782
1.0,0.0,-0.0268409478249366,0.2417441141695319,-0.9731590521750634,-0.2417441141695319
1.0,0.0,-0.0002366830548941293,0.0011281321072683852,-0.9997633169451059,-0.0011281321072683852
1.0,0.0,-0.19858844989626767,0.1735291958165656,-0.8014115501037323,-0.1735291958165656
1.0,0.0,-0.014547213919039898,0.27990698395212205,-0.9854527860809601,-0.27990698395212205
1.0,0.0,-0.00041267468923776194,0.8309610706985154,-0.9995873253107622,-0.8309610706985154
1.0,0.0,-0.15845758394674428,0.3775360010444773,-0.8415424160532557,-0.3775360010444773
1.0,0.0,-0.2724942259953913,0.3681199765651046,-0.7275057740046087,-0.3681199765651046
1.0,0.0,-0.029136251289311747,0.6641009335891297,-0.9708637487106883,-0.6641009335891297
1.0,0.0,-0.07291578620644402,0.5298656951418054,-0.927084213793556,-0.5298656951418054
1.0,0.0,-0.35847166826164373,0.5288284818755414,-0.6415283317383562,-0.5288284818755414
1.0,0.0,-0.029044693596772808,0.03922146416224399,-0.9709553064032272,-0.03922146416224399
1.0,0.0,-0.4069918389889968,0.17143294393563893,-0.5930081610110032,-0.17143294393563893
1.0,0.0,-0.4504752775248079,0.40053068449798235,-0.549524722475192,-0.40053068449798235
1.0,0.0,-0.37854375887530645,0.3636537456636781,-0.6214562411246936,-0.3636537456636781
1.0,0.0,-0.24174826755338108,0.011568143469211615,-0.7582517324466189,-0.011568143469211615
1.0,0.0,-0.34770784578837405,0.407926215583947,-0.652292154211626,-0.407926215583947
1.0,0.0,-0.14295068187546095,0.047837806707655174,-0.8570493181245391,-0.047837806707655174
1.0,0.0,-0.40249165457764713,0.6319291413731869,-0.5975083454223529,-0.6319291413731869
1.0,0.0,-0.46364467147664334,0.24687364604667084,-0.5363553285233567,-0.24687364604667084
1.0,0.0,-0.1710877164968665,0.2692855657998805,-0.8289122835031335,-0.2692855657998805
1.0,0.0,-0.4734369470445525,0.4993555689304647,-0.5265630529554475,-0.4993555689304647
1.0,0.0,-0.3777967778516073,0.3859625777279482,-0.6222032221483926,-0.3859625777279482
1.0,0.0,-0.3126416178289824,0.01698075437395374,-0.6873583821710176,-0.01698075437395374
1.0,0.0,-0.4246226418629278,0.40502892704506704,-0.5753773581370722,-0.40502892704506704
1.0,0.0,-0.04643352926635308,0.05395735866164052,-0.9535664707336469,-0.05395735866164052
1.0,0.0,-0.4710790752633502,0.6969824018235449,-0.5289209247366498,-0.6969824018235449
1.0,0.0,-0.10338146033222141,0.7114173478952018,-0.8966185396677786,-0.7114173478952018
1.0,0.0,-0.227352450806735,0.36252545010076037,-0.772647549193265,-0.36252545010076037
1.0,0.0,-0.2367520332417738,0.21944765550370293,-0.7632479667582261,-0.21944765550370293
1.0,0.0,-0.0395178144914215,0.08138772401637896,-0.9604821855085786,-0.08138772401637896
1.0,0.0,-0.052141843126135345,0.014520047006744346,-0.9478581568738647,-0.014520047006744346
1.0,0.0,-0.13841702420998986,0.0066775529188388425,-0.8615829757900102,-0.0066775529188388425
1.0,0.0,-0.10105110158119601,0.11320795785831646,-0.898948898418804,-0.11320795785831646
1.0,0.0,-0.4473299801454152,0.19564476071771741,-0.5526700198545849,-0.19564476071771741
1.0,0.0,-0.03777899170262323,0.19685486398451238,-0.9622210082973768,-0.19685486398451238
1.0,0.0,-0.28681836165771873,0.057356542169314524,-0.7131816383422813,-0.057356542169314524
1.0,0.0,-0.3240110337244929,0.4412622252846219,-0.6759889662755071,-0.4412622252846219
1.0,0.0,-0.01070746580278531,0.018196265673391752,-0.9892925341972147,-0.018196265673391752
1.0,0.0,-0.30284415422124566,0.7898569622961997,-0.6971558457787543,-0.7898569622961997
1.0,0.0,-0.07779814632521498,0.04526069479916909,-0.922201853674785,-0.04526069479916909
1.0,0.0,-0.2323331042063236,0.6285442738324997,-0.7676668957936764,-0.6285442738324997
1.0,0.0,-0.26600804841677794,0.03601559797006244,-0.7339919515832221,-0.03601559797006244
1.0,0.0,-0.4823237590297187,0.6133750676047725,-0.5176762409702813,-0.6133750676047725
1.0,0.0,-0.41537333729862597,0.6231042457546919,-0.5846266627013741,-0.6231042457546919
1.0,0.0,-0.18011334532377654,0.18469629337402593,-0.8198866546762235,-0.18469629337402593
1.0,0.0,-0.3611324053414942,0.7284750164711494,-0.6388675946585058,-0.7284750164711494
1.0,0.0,-0.013686235598522722,0.016581527413591576,-0.9863137644014772,-0.016581527413591576
1.0,0.0,-0.4688388961070596,0.2851220092531679,-0.5311611038929405,-0.2851220092531679
1.0,0.0,-0.08409762919206425,0.6404763681875674,-0.9159023708079358,-0.6404763681875674
1.0,0.0,-0.0012578398268965785,0.03289471591625667,-0.9987421601731035,-0.03289471591625667
1.0,0.0,-0.004017992860427048,0.39693742753384326,-0.995982007139573,-0.39693742753384326
1.0,0.0,-0.06482145287889785,0.3549127855169733,-0.9351785471211022,-0.3549127855169733
1.0,0.0,-0.22965363418645018,0.048789967047294325,-0.7703463658135499,-0.048789967047294325
1.0,0.0,-0.04590545250723862,0.2735794297831654,-0.9540945474927613,-0.2735794297831654
1.0,0.0,-0.18967768814503716,0.1738415545326864,-0.8103223118549628,-0.1738415545326864
1.0,0.0,-0.3189428692972193,0.013346284040725478,-0.6810571307027806,-0.013346284040725478
1.0,0.0,-0.0038309190005490026,0.007260659791310584,-0.996169080999451,-0.007260659791310584
1.0,0.0,-0.1440138273909033,0.23339583165605057,-0.8559861726090967,-0.23339583165605057
1.0,0.0,-0.0184998348408998,0.4389279780349129,-0.9815001651591002,-0.4389279780349129
1.0,0.0,-0.43241710206489115,0.13528284735698584,-0.5675828979351089,-0.13528284735698584
1.0,0.0,-0.09651688609213675,0.3386072232610249,-0.9034831139078633,-0.3386072232610249
1.0,0.0,-0.14329392234946364,0.12257865844676102,-0.8567060776505364,-0.12257865844676102
1.0,0.0,-0.37880967072968136,0.2138711448716034,-0.6211903292703187,-0.2138711448716034
1.0,0.0,-0.2002454133589473,0.33368678269443164,-0.7997545866410527,-0.33368678269443164
1.0,0.0,-0.12511241888996302,0.753274751449306,-0.874887581110037,-0.753274751449306
1.0,0.0,-0.47739740895756566,0.0644642511978368,-0.5226025910424343,-0.0644642511978368
1.0,0.0,-0.2856734918658856,0.7048353759734736,-0.7143265081341144,-0.7048353759734736
1.0,0.0,-0.05074706669827766,0.5964590933151762,-0.9492529333017223,-0.5964590933151762
1.0,0.0,-0.15712285449589586,0.1937293260663763,-0.8428771455041042,-0.1937293260663763
1.0,0.0,-0.3888871978024244,0.6183731121800049,-0.6111128021975756,-0.6183731121800049
1.0,0.0,-0.3968661343877047,0.6518964624447937,-0.6031338656122953,-0.6518964624447937
1.0,0.0,-0.0917318461556729,0.30503361021904907,-0.9082681538443271,-0.30503361021904907
1.0,0.0,-0.1483640993433054,0.044681888425095816,-0.8516359006566946,-0.044681888425095816
1.0,0.0,-0.31674813309800753,0.09668465190434102,-0.6832518669019925,-0.09668465190434102
1.0,0.0,-0.15733243378244943,0.15590316383542877,-0.8426675662175506,-0.15590316383542877
1.0,0.0,-0.07399202869249867,0.5752137432388195,-0.9260079713075013,-0.5752137432388195
1.0,0.0,-0.398886488660929,0.054315723301873745,-0.601113511339071,-0.054315723301873745
1.0,0.0,-0.38486524314730886,0.4117809790987056,-0.6151347568526911,-0.4117809790987056
1.0,0.0,-0.24895597464067176,0.01299308198611948,-0.7510440253593282,-0.01299308198611948
1.0,0.0,-0.4588433873344658,0.20975340795167868,-0.5411566126655343,-0.20975340795167868
1.0,0.0,-0.26059323154276687,0.5557510267145656,-0.7394067684572332,-0.5557510267145656
1.0,0.0,-0.2874833679081573,0.41525539962807645,-0.7125166320918427,-0.41525539962807645
1.0,0.0,-0.15430785292660332,0.22157497359413167,-0.8456921470733967,-0.22157497359413167
1.0,0.0,-0.046739947883387645,0.03569958476574447,-0.9532600521166124,-0.03569958476574447
1.0,0.0,-0.0320315337770406,0.04419304725621556,-0.9679684662229594,-0.04419304725621556
1.0,0.0,-0.24583023694078465,0.2155070554895235,-0.7541697630592153,-0.2155070554895235
1.0,0.0,-0.11743266696879824,0.22468652194016134,-0.8825673330312017,-0.22468652194016134
1.0,0.0,-0.48911124331905814,0.4166557561003859,-0.5108887566809419,-0.4166557561003859
1.0,0.0,-0.48149571522735896,0.2856413741779537,-0.5185042847726411,-0.2856413741779537
1.0,0.0,-0.3099798576897877,0.24584216109498191,-0.6900201423102124,-0.24584216109498191
1.0,0.0,-0.4067620062966571,0.3212031956495161,-0.593237993703343,-0.3212031956495161
1.0,0.0,-0.012713918666538463,0.08331859614274287,-0.9872860813334615,-0.08331859614274287
1.0,0.0,-0.24264105629345617,0.2915994235016954,-0.7573589437065438,-0.2915994235016954
1.0,0.0,-0.20851368213991173,0.5278694962636018,-0.7914863178600883,-0.5278694962636018
1.0,0.0,-0.15520062979912896,0.8090420495521347,-0.844799370200871,-0.8090420495521347
1.0,0.0,-0.25401762772687053,0.9109896654101858,-0.7459823722731295,-0.9109896654101858
1.0,0.0,-0.041031415707070196,0.0534859115592768,-0.9589685842929299,-0.0534859115592768
1.0,0.0,-0.1465770484073359,0.455679725828467,-0.8534229515926641,-0.455679725828467
1.0,0.0,-0.4429290467021861,0.3761800175019769,-0.557070953297814,-0.3761800175019769
1.0,0.0,-0.27657585578151295,0.3245197086218169,-0.723424144218487,-0.3245197086218169
1.0,0.0,-0.1774668553874283,0.262334457379401,-0.8225331446125717,-0.262334457379401
1.0,0.0,-0.07787786953165841,0.8062581796876473,-0.9221221304683416,-0.8062581796876473
1.0,0.0,-0.19891432582961122,0.2752372248053538,-0.8010856741703888,-0.2752372248053538
1.0,0.0,-0.12238652648259818,0.16248470907013557,-0.8776134735174018,-0.16248470907013557
1.0,0.0,-0.314645146995249,0.025497010845798387,-0.6853548530047511,-0.025497010845798387
1.0,0.0,-0.023712794485579305,0.21581143911624676,-0.9762872055144207,-0.21581143911624676
1.0,0.0,-0.2183189772555636,0.6798449820173826,-0.7816810227444364,-0.6798449820173826
1.0,0.0,-0.04689478217038059,0.6470396159754824,-0.9531052178296194,-0.6470396159754824
1.0,0.0,-0.26429093534935,0.5808215128966777,-0.73570906465065,-0.5808215128966777
1.0,0.0,-0.23695149000517995,0.012796473069754925,-0.7630485099948201,-0.012796473069754925
1.0,0.0,-0.3576130819158767,0.6905549710019556,-0.6423869180841233,-0.6905549710019556
1.0,0.0,-0.32067668821749895,0.4796556306980007,-0.679323311782501,-0.4796556306980007
1.0,0.0,-0.4695811072794322,0.8776097396931852,-0.5304188927205677,-0.8776097396931852
1.0,0.0,-0.13154831816533707,0.19490646833554162,-0.8684516818346629,-0.19490646833554162
1.0,0.0,-0.4070665950496253,0.5245190696548702,-0.5929334049503747,-0.5245190696548702
1.0,0.0,-0.2787990154934306,0.33075949118860687,-0.7212009845065694,-0.33075949118860687
1.0,0.0,-0.43061925706569953,0.17136759929050485,-0.5693807429343005,-0.17136759929050485
1.0,0.0,-0.33484730504380217,0.5473053201341008,-0.6651526949561979,-0.5473053201341008
1.0,0.0,-0.2540406598606538,0.10324452921987438,-0.7459593401393463,-0.10324452921987438
1.0,0.0,-0.26271132981213124,0.25205851291189624,-0.7372886701878687,-0.25205851291189624
1.0,0.0,-0.28931752354062207,0.4652497647244333,-0.710682476459378,-0.4652497647244333
1.0,0.0,-0.09023967362778543,0.38296915659697767,-0.9097603263722146,-0.38296915659697767
1.0,0.0,-0.11844802755902356,0.11431128778084139,-0.8815519724409764,-0.11431128778084139
1.0,0.0,-0.22210402314519634,0.34295739121974833,-0.7778959768548037,-0.34295739121974833
1.0,0.0,-0.2677237761934782,0.27606207946887024,-0.7322762238065218,-0.27606207946887024
1.0,0.0,-0.1846028274515309,0.24037490195045544,-0.8153971725484691,-0.24037490195045544
1.0,0.0,-0.16420701876911775,0.18751862772721986,-0.8357929812308822,-0.18751862772721986
1.0,0.0,-0.18247948150223436,0.04621612757229562,-0.8175205184977656,-0.04621612757229562
1.0,0.0,-0.41003115253570155,0.53840395221863,-0.5899688474642985,-0.53840395221863
1.0,0.0,-0.17245027370330396,0.11914766857320928,-0.827549726296696,-0.11914766857320928
1.0,0.0,-0.3181915710896322,0.25522645539564265,-0.6818084289103679,-0.25522645539564265
1.0,0.0,-0.04252506190022654,0.23590430567601173,-0.9574749380997735,-0.23590430567601173
1.0,0.0,-0.2677136518346452,0.6277855901473396,-0.7322863481653548,-0.6277855901473396
1.0,0.0,-0.007996907759131389,0.07986326386820287,-0.9920030922408686,-0.07986326386820287
1.0,0.0,-0.18156734743198688,0.3865224426197117,-0.8184326525680131,-0.3865224426197117
1.0,0.0,-0.07758690284880354,0.018593077316299632,-0.9224130971511965,-0.018593077316299632
1.0,0.0,-0.22030893319451156,0.3260708624353704,-0.7796910668054884,-0.3260708624353704
1.0,0.0,-0.11970224583537403,0.536131085194119,-0.880297754164626,-0.536131085194119
1.0,0.0,-0.36127886605904486,0.369229492163221,-0.6387211339409551,-0.369229492163221
1.0,0.0,-0.4244261406166474,0.2872216147629875,-0.5755738593833526,-0.2872216147629875
1.0,0.0,-0.06023060301597932,0.020170765034978857,-0.9397693969840206,-0.020170765034978857
1.0,0.0,-0.02499568787826395,0.010064324009909942,-0.975004312121736,-0.010064324009909942
1.0,0.0,-0.2689905027298568,0.33384272566295586,-0.7310094972701432,-0.33384272566295586
1.0,0.0,-0.20736529726616093,0.06732687630719458,-0.7926347027338391,-0.06732687630719458
1.0,0.0,-0.288635415317679,0.2683824210441838,-0.711364584682321,-0.2683824210441838
1.0,0.0,-0.21047531427699556,0.29721060115019887,-0.7895246857230045,-0.29721060115019887
1.0,0.0,-0.06341338861463836,0.07768861269511736,-0.9365866113853616,-0.07768861269511736
1.0,0.0,-0.2601724008992864,0.855200357431959,-0.7398275991007136,-0.855200357431959
1.0,0.0,-0.033950219227693035,0.1425891889233034,-0.966049780772307,-0.1425891889233034
1.0,0.0,-0.008144442036909838,0.05888899625983961,-0.9918555579630901,-0.05888899625983961
1.0,0.0,-0.09967369362880724,0.6746875774208317,-0.9003263063711928,-0.6746875774208317
1.0,0.0,-0.20343022504576364,0.20784371961599762,-0.7965697749542364,-0.20784371961599762
1.0,0.0,-0.20770870350901044,0.285243069131491,-0.7922912964909896,-0.285243069131491
1.0,0.0,-0.3372918875327174,0.12528818436799335,-0.6627081124672827,-0.12528818436799335
1.0,0.0,-0.38664175143755264,0.9007653242968509,-0.6133582485624474,-0.9007653242968509
1.0,0.0,-0.14382629010557402,0.04511711344820284,-0.856173709894426,-0.04511711344820284
1.0,0.0,-0.18336979855239555,0.2994825729839327,-0.8166302014476045,-0.2994825729839327
1.0,0.0,-0.08206890447372982,0.23388393390446288,-0.9179310955262702,-0.23388393390446288
1.0,0.0,-0.1026672739302334,0.6736974156826859,-0.8973327260697666,-0.6736974156826859
1.0,0.0,-0.1825537455575682,0.25233221669683503,-0.8174462544424318,-0.25233221669683503
1.0,0.0,-0.041153967023510506,0.8065193274843252,-0.9588460329764895,-0.8065193274843252
1.0,0.0,-0.25512116116539224,0.4328749512940025,-0.7448788388346077,-0.4328749512940025
1.0,0.0,-0.09154884480477532,0.5515982119810177,-0.9084511551952247,-0.5515982119810177
1.0,0.0,-0.02613462842872155,0.29195681624973574,-0.9738653715712784,-0.29195681624973574
1.0,0.0,-0.07140852755494981,0.6158565004192851,-0.9285914724450501,-0.6158565004192851
1.0,0.0,-0.04818727901875516,0.8435930904644032,-0.9518127209812448,-0.8435930904644032
1.0,0.0,-0.13009577061821204,0.10836086900280416,-0.869904229381788,-0.10836086900280416
1.0,0.0,-0.15146348197193868,0.3052215478258331,-0.8485365180280613,-0.3052215478258331
1.0,0.0,-0.4609304937437616,0.12006772336616582,-0.5390695062562384,-0.12006772336616582
1.0,0.0,-0.37505435428742784,0.8919154192990035,-0.6249456457125722,-0.8919154192990035
1.0,0.0,-0.22430808367662086,0.33311577206756304,-0.7756919163233791,-0.33311577206756304
1.0,0.0,-0.07577700932802534,0.016357362522673197,-0.9242229906719747,-0.016357362522673197
1.0,0.0,-0.006522232786455473,0.007287249645215487,-0.9934777672135445,-0.007287249645215487
1.0,0.0,-0.09512942534786946,0.19286994400759977,-0.9048705746521305,-0.19286994400759977
1.0,0.0,-0.015831428642087794,0.1753982154413487,-0.9841685713579122,-0.1753982154413487
1.0,0.0,-0.10831129203902279,0.12271726989571498,-0.8916887079609772,-0.12271726989571498
1.0,0.0,-0.05906400110563301,0.5591148521834366,-0.940935998894367,-0.5591148521834366
1.0,0.0,-0.188559750991454,0.6394948032826505,-0.8114402490085459,-0.6394948032826505
1.0,0.0,-0.24906031482491453,0.4070222736059765,-0.7509396851750855,-0.4070222736059765
1.0,0.0,-0.414309608990866,0.6771967287564967,-0.585690391009134,-0.6771967287564967
1.0,0.0,-0.03489921655586187,0.047024016747966906,-0.9651007834441381,-0.047024016747966906
1.0,0.0,-0.043970974714912583,0.6732458802841282,-0.9560290252850874,-0.6732458802841282
1.0,0.0,-0.19042220725597458,0.258034862370566,-0.8095777927440254,-0.258034862370566
1.0,0.0,-0.31567516713091764,0.06180703765236323,-0.6843248328690823,-0.06180703765236323
1.0,0.0,-0.49782117793820974,0.8091870937156356,-0.5021788220617902,-0.8091870937156356
1.0,0.0,-0.004353553550444755,0.0014383027532803405,-0.9956464464495552,-0.0014383027532803405
1.0,0.0,-0.0034830791435765396,0.002384319968413928,-0.9965169208564235,-0.002384319968413928
1.0,0.0,-0.01419759999055902,0.1004565431855213,-0.985802400009441,-0.1004565431855213
1.0,0.0,-0.0681282667576007,0.08989508993129014,-0.9318717332423994,-0.08989508993129014
1.0,0.0,-0.2873238764875437,0.4260645176505074,-0.7126761235124563,-0.4260645176505074
1.0,0.0,-0.010578965322410648,0.1583614147929403,-0.9894210346775894,-0.1583614147929403
1.0,0.0,-0.03195526191802659,0.5388356529089502,-0.9680447380819734,-0.5388356529089502
1.0,0.0,-0.3422770071190959,0.39414504975716586,-0.6577229928809041,-0.39414504975716586
1.0,0.0,-0.019437176329376617,0.5523058360755085,-0.9805628236706234,-0.5523058360755085
1.0,0.0,-0.1230900144812261,0.30733592880476157,-0.8769099855187739,-0.30733592880476157
1.0,0.0,-0.2173341838494354,0.5949275827318785,-0.7826658161505646,-0.5949275827318785
1.0,0.0,-0.2855844460237141,0.027170246167523015,-0.714415553976286,-0.027170246167523015
1.0,0.0,-0.3776922590500344,0.6524049831341745,-0.6223077409499655,-0.6524049831341745
1.0,0.0,-0.37555471854488603,0.4600458545800837,-0.624445281455114,-0.4600458545800837
1.0,0.0,-0.1016078271637633,0.5043405905996121,-0.8983921728362367,-0.5043405905996121
1.0,0.0,-0.2091969362022168,0.034025236617778315,-0.7908030637977832,-0.034025236617778315
1.0,0.0,-0.19305025623057548,0.16351594601049801,-0.8069497437694245,-0.16351594601049801
1.0,0.0,-0.12196754515792592,0.3839646319679787,-0.878032454842074,-0.3839646319679787
1.0,0.0,-0.13837042269734606,0.1310185927726253,-0.8616295773026539,-0.1310185927726253
1.0,0.0,-0.2085527207221719,0.21160281221966928,-0.7914472792778281,-0.21160281221966928
1.0,0.0,-0.055478826879584456,0.12997431579338897,-0.9445211731204155,-0.12997431579338897
1.0,0.0,-0.2855795215690093,0.34533175171412034,-0.7144204784309907,-0.34533175171412034
1.0,0.0,-0.16393757977959683,0.4233511161097249,-0.8360624202204032,-0.4233511161097249
1.0,0.0,-0.15253303204078933,0.12263014839947736,-0.8474669679592106,-0.12263014839947736
1.0,0.0,-0.4342989940541115,0.6428986376975175,-0.5657010059458885,-0.6428986376975175
1.0,0.0,-0.39157330135170365,0.024230151386592104,-0.6084266986482963,-0.024230151386592104
1.0,0.0,-0.2305932143561899,0.7338055659679962,-0.76940678564381,-0.7338055659679962
1.0,0.0,-0.3572232010625926,0.6153529152211502,-0.6427767989374074,-0.6153529152211502
1.0,0.0,-0.021033101963946907,0.10574602748574012,-0.9789668980360531,-0.10574602748574012
1.0,0.0,-0.48721317371491707,0.006818513235105976,-0.512786826285083,-0.006818513235105976
1.0,0.0,-0.44620798854794186,0.4024482289064139,-0.5537920114520581,-0.4024482289064139
1.0,0.0,-0.26426374010708337,0.4069163641766413,-0.7357362598929167,-0.4069163641766413
1.0,0.0,-0.0746354679051552,0.820679312642512,-0.9253645320948448,-0.820679312642512
1.0,0.0,-0.03603624890417359,0.14982178362478193,-0.9639637510958264,-0.14982178362478193
1.0,0.0,-0.11275654082469905,0.06245381252592828,-0.8872434591753009,-0.06245381252592828
1.0,0.0,-0.480620413224484,0.3121819333120938,-0.519379586775516,-0.3121819333120938
1.0,0.0,-0.4377450288186974,0.11459673651652595,-0.5622549711813025,-0.11459673651652595
1.0,0.0,-0.03862283089117623,0.11059405860159455,-0.9613771691088238,-0.11059405860159455
1.0,0.0,-0.032723658848348915,0.39520534157328313,-0.9672763411516511,-0.39520534157328313
1.0,0.0,-0.36640555728071433,0.5690616199704436,-0.6335944427192857,-0.5690616199704436
1.0,0.0,-0.37277074721829856,0.2937301954423824,-0.6272292527817014,-0.2937301954423824
1.0,0.0,-0.2336816609114804,0.4421622898648754,-0.7663183390885195,-0.4421622898648754
1.0,0.0,-0.10798183841847042,0.014500525326234987,-0.8920181615815296,-0.014500525326234987
1.0,0.0,-0.493011492536137,0.15202387512815552,-0.5069885074638629,-0.15202387512815552
1.0,0.0,-0.009639291313292553,0.008562244015744576,-0.9903607086867074,-0.008562244015744576
1.0,0.0,-0.17545400550187334,0.4605548110214488,-0.8245459944981266,-0.4605548110214488
1.0,0.0,-0.15770393798207438,0.0031521043251172575,-0.8422960620179256,-0.0031521043251172575
1.0,0.0,-0.07243594006902199,0.023195120864329552,-0.927564059930978,-0.023195120864329552
1.0,0.0,-0.032316748037262234,0.1459736564002095,-0.9676832519627377,-0.1459736564002095
1.0,0.0,-0.2278282068939465,0.13285535121194095,-0.7721717931060534,-0.13285535121194095
1.0,0.0,-0.36516090890696007,0.3264852223331307,-0.6348390910930399,-0.3264852223331307
1.0,0.0,-0.19707440184457525,0.7867946338863973,-0.8029255981554247,-0.7867946338863973
1.0,0.0,-0.11662093697915299,0.1689712371144948,-0.883379063020847,-0.1689712371144948
1.0,0.0,-0.25671109630681327,0.4404064676767996,-0.7432889036931867,-0.4404064676767996
1.0,0.0,-0.05725677824401548,0.05518433536042647,-0.9427432217559846,-0.05518433536042647
1.0,0.0,-0.11380852750043877,0.527176358728424,-0.8861914724995612,-0.527176358728424
1.0,0.0,-0.408814714532119,0.5867965503104529,-0.591185285467881,-0.5867965503104529
1.0,0.0,-0.26153987743079615,0.33554645927631904,-0.7384601225692038,-0.33554645927631904
1.0,0.0,-0.3076345585580009,0.7100929450353751,-0.6923654414419991,-0.7100929450353751
1.0,0.0,-0.32548310569233263,0.33809842666137135,-0.6745168943076674,-0.33809842666137135
1.0,0.0,-0.0872131411115013,0.01693021565494597,-0.9127868588884986,-0.01693021565494597
1.0,0.0,-0.16270524178696988,0.13874791036513023,-0.8372947582130301,-0.13874791036513023
1.0,0.0,-0.26325573110403006,0.5381335463780722,-0.73674426889597,-0.5381335463780722
1.0,0.0,-0.2464407055945797,0.49434731129831283,-0.7535592944054204,-0.49434731129831283
1.0,0.0,-0.0863244530007704,0.19467164596958497,-0.9136755469992296,-0.19467164596958497
1.0,0.0,-0.039352161090331225,0.33022806442516994,-0.9606478389096688,-0.33022806442516994
1.0,0.0,-0.028157577632923807,0.1074848138255268,-0.9718424223670762,-0.1074848138255268
1.0,0.0,-0.3120423761460732,0.4406818114700552,-0.6879576238539268,-0.4406818114700552
1.0,0.0,-0.22715302056429448,0.629795698020205,-0.7728469794357056,-0.629795698020205
1.0,0.0,-0.3564756836639581,0.6803481063341158,-0.6435243163360419,-0.6803481063341158
1.0,0.0,-0.40778284174678303,0.0939290805988645,-0.592217158253217,-0.0939290805988645
1.0,0.0,-0.0320179523476961,0.13203087490004878,-0.9679820476523039,-0.13203087490004878
1.0,0.0,-0.07965862556500228,0.9382557883995648,-0.9203413744349977,-0.9382557883995648
1.0,0.0,-0.40644089225284,0.2111219114151959,-0.59355910774716,-0.2111219114151959
1.0,0.0,-0.06213065302926302,0.10733028438660983,-0.937869346970737,-0.10733028438660983
1.0,0.0,-0.231010194409347,0.08892197899102236,-0.768989805590653,-0.08892197899102236
1.0,0.0,-0.20318321698508635,0.5219361577248014,-0.7968167830149137,-0.5219361577248014
1.0,0.0,-0.20536610132403801,0.41841840759112764,-0.794633898675962,-0.41841840759112764
1.0,0.0,-0.06741944962624613,0.09742051100401505,-0.9325805503737539,-0.09742051100401505
1.0,0.0,-0.13706510233555808,0.15895747441485458,-0.862934897664442,-0.15895747441485458
1.0,0.0,-0.37824099623334684,0.37328464950047624,-0.6217590037666532,-0.37328464950047624
1.0,0.0,-0.3063563444161787,0.07484044550729832,-0.6936436555838212,-0.07484044550729832
1.0,0.0,-0.1369953918669663,0.8560869492894144,-0.8630046081330337,-0.8560869492894144
1.0,0.0,-0.053182230441511616,0.45229074191112234,-0.9468177695584884,-0.45229074191112234
1.0,0.0,-0.10539398830212776,0.10529064066326344,-0.8946060116978722,-0.10529064066326344
1.0,0.0,-0.06974586982000075,0.07734201944607368,-0.9302541301799993,-0.07734201944607368
1.0,0.0,-0.030114015019970592,0.13550807808091067,-0.9698859849800294,-0.13550807808091067
1.0,0.0,-0.35105466970818855,0.5593900010608567,-0.6489453302918115,-0.5593900010608567
1.0,0.0,-0.4957284635327159,0.7071338377455505,-0.5042715364672841,-0.7071338377455505
1.0,0.0,-0.07746473814153153,0.13649894224112777,-0.9225352618584685,-0.13649894224112777
1.0,0.0,-0.11932640372956599,0.08231075787275456,-0.880673596270434,-0.08231075787275456
1.0,0.0,-0.2549014192640323,0.6790967344305586,-0.7450985807359677,-0.6790967344305586
1.0,0.0,-0.08206627166959689,0.15955394077913138,-0.9179337283304031,-0.15955394077913138
1.0,0.0,-0.1484765060004788,0.21957099289392387,-0.8515234939995212,-0.21957099289392387
1.0,0.0,-0.18219211769459437,0.26747391233089024,-0.8178078823054056,-0.26747391233089024
1.0,0.0,-0.38130339963733534,0.5324243975239072,-0.6186966003626646,-0.5324243975239072
1.0,0.0,-0.11853389639898826,0.030045756025276954,-0.8814661036010117,-0.030045756025276954
1.0,0.0,-0.13294336522461225,0.1476334006074451,-0.8670566347753877,-0.1476334006074451
1.0,0.0,-0.2662004166153804,0.35817953438274713,-0.7337995833846196,-0.35817953438274713
1.0,0.0,-0.24786710975177828,0.5301269830820488,-0.7521328902482217,-0.5301269830820488
1.0,0.0,-0.21756321863436695,0.3291601718077318,-0.782436781365633,-0.3291601718077318
1.0,0.0,-0.2987664617653889,0.05289052418403547,-0.7012335382346111,-0.05289052418403547
1.0,0.0,-0.016837274220393092,0.3037786220125866,-0.983162725779607,-0.3037786220125866
1.0,0.0,-0.009402751984463607,0.038435099665207126,-0.9905972480155364,-0.038435099665207126
1.0,0.0,-0.018438878297944827,0.0026360343492253012,-0.9815611217020552,-0.0026360343492253012
1.0,0.0,-0.17055077540670976,0.19111651304163024,-0.8294492245932903,-0.19111651304163024
1.0,0.0,-0.06684016071636772,0.053899724699491454,-0.9331598392836322,-0.053899724699491454
1.0,0.0,-0.03245344821410759,0.2909666522177909,-0.9675465517858924,-0.2909666522177909
1.0,0.0,-0.051335995760992015,0.034902761744839556,-0.948664004239008,-0.034902761744839556
1.0,0.0,-0.4558419868101047,0.229885674073332,-0.5441580131898953,-0.229885674073332
1.0,0.0,-0.06602672006632523,0.23078516934641435,-0.9339732799336747,-0.23078516934641435
1.0,0.0,-0.08065089243904199,0.2230507922513144,-0.919349107560958,-0.2230507922513144
1.0,0.0,-0.12060720575762535,0.07338347181664193,-0.8793927942423747,-0.07338347181664193
1.0,0.0,-0.009462993638830457,0.3855691091163951,-0.9905370063611696,-0.3855691091163951
1.0,0.0,-0.018790274153095476,0.0018276991679727747,-0.9812097258469046,-0.0018276991679727747
1.0,0.0,-0.38388036110765694,0.6296682975960681,-0.6161196388923431,-0.6296682975960681
1.0,0.0,-0.3977150356912653,0.8869201726618251,-0.6022849643087347,-0.8869201726618251
1.0,0.0,-0.42365643137961745,0.2481736554871589,-0.5763435686203826,-0.2481736554871589
1.0,0.0,-0.28128825097268934,0.3867103308081048,-0.7187117490273107,-0.3867103308081048
1.0,0.0,-0.32195739189347394,0.3060070439606034,-0.6780426081065261,-0.3060070439606034
1.0,0.0,-0.23140101421141654,0.5706328348273295,-0.7685989857885834,-0.5706328348273295
1.0,0.0,-0.48152948965397424,0.40364369903030384,-0.5184705103460258,-0.40364369903030384
1.0,0.0,-0.019329307148204647,0.08647017203816817,-0.9806706928517953,-0.08647017203816817
1.0,0.0,-0.4279334336984774,0.6376687360851022,-0.5720665663015225,-0.6376687360851022
1.0,0.0,-0.1636160636592724,0.7458610212639591,-0.8363839363407276,-0.7458610212639591
1.0,0.0,-0.2689327638219612,0.5996079843457519,-0.7310672361780388,-0.5996079843457519
1.0,0.0,-0.45843067220222444,0.7466649528552395,-0.5415693277977756,-0.7466649528552395
1.0,0.0,-0.08961393971651593,0.10621253937843465,-0.9103860602834841,-0.10621253937843465
1.0,0.0,-0.4043305289854877,0.40326268041558966,-0.5956694710145123,-0.40326268041558966
1.0,0.0,-0.044951480361016816,0.02462729517775749,-0.9550485196389832,-0.02462729517775749
1.0,0.0,-0.23655316016624073,0.18467487600289229,-0.7634468398337593,-0.18467487600289229
1.0,0.0,-0.12300221950595872,0.7761179027302325,-0.8769977804940413,-0.7761179027302325
1.0,0.0,-0.04590276830542295,0.2701698758645855,-0.954097231694577,-0.2701698758645855
1.0,0.0,-0.3530148306980745,0.3528400453035566,-0.6469851693019255,-0.3528400453035566
1.0,0.0,-0.2971013290506563,0.15349004365062133,-0.7028986709493437,-0.15349004365062133
1.0,0.0,-0.12801891052183162,0.36582615225754134,-0.8719810894781683,-0.36582615225754134
1.0,0.0,-0.040623529517167634,0.0012838645209287598,-0.9593764704828324,-0.0012838645209287598
1.0,0.0,-0.08529060613911454,0.3659572772970207,-0.9147093938608855,-0.3659572772970207
1.0,0.0,-0.04412251575658274,0.2868801832748701,-0.9558774842434172,-0.2868801832748701
1.0,0.0,-0.40031720466203086,0.4288936009276776,-0.5996827953379691,-0.4288936009276776
1.0,0.0,-0.35487197776219964,0.7654291156426087,-0.6451280222378004,-0.7654291156426087
1.0,0.0,-0.007263513751185492,0.020877942509946686,-0.9927364862488145,-0.020877942509946686
1.0,0.0,-0.1511154951796163,0.26456461781583585,-0.8488845048203837,-0.26456461781583585
1.0,0.0,-0.3247368616033214,0.20776393012211786,-0.6752631383966786,-0.20776393012211786
1.0,0.0,-0.4297720691344598,0.7145142925170818,-0.5702279308655402,-0.7145142925170818
1.0,0.0,-0.3421198711153961,0.3641814175896676,-0.6578801288846039,-0.3641814175896676
1.0,0.0,-0.2981070700656809,0.5070637834615234,-0.7018929299343191,-0.5070637834615234
1.0,0.0,-0.013723338711073596,0.14943324385392037,-0.9862766612889264,-0.14943324385392037
1.0,0.0,-0.3262169924383182,0.35673596899295984,-0.6737830075616817,-0.35673596899295984
1.0,0.0,-0.09422538531405907,0.1911295089914701,-0.9057746146859409,-0.1911295089914701
1.0,0.0,-0.04517148522584724,0.5106030535160618,-0.9548285147741528,-0.5106030535160618
1.0,0.0,-0.061560520783684625,0.3426749071318926,-0.9384394792163153,-0.3426749071318926
1.0,0.0,-0.08911928773563205,0.019869119719871327,-0.910880712264368,-0.019869119719871327
1.0,0.0,-0.07642623398977644,0.19345093127397545,-0.9235737660102236,-0.19345093127397545
1.0,0.0,-0.07558149856391226,0.7158728969811479,-0.9244185014360877,-0.7158728969811479
1.0,0.0,-0.22043003146301876,0.13674024275306557,-0.7795699685369812,-0.13674024275306557
1.0,0.0,-0.029066260531162794,0.7984779242345921,-0.9709337394688372,-0.7984779242345921
1.0,0.0,-0.025641575455276754,0.23417948927092921,-0.9743584245447232,-0.23417948927092921
1.0,0.0,-0.14191389971678992,0.1219728922442435,-0.8580861002832101,-0.1219728922442435
1.0,0.0,-0.24888929600492876,0.44636941391558854,-0.7511107039950713,-0.44636941391558854
1.0,0.0,-0.18722556710566407,0.03112037781968906,-0.8127744328943359,-0.03112037781968906
1.0,0.0,-0.4411475957045345,0.655644712579896,-0.5588524042954655,-0.655644712579896
1.0,0.0,-0.46077671285898114,0.7707850292121488,-0.5392232871410189,-0.7707850292121488
1.0,0.0,-0.28549728194068213,0.24430535787313407,-0.7145027180593179,-0.24430535787313407
1.0,0.0,-0.31858485914637424,0.5299542502044476,-0.6814151408536258,-0.5299542502044476
1.0,0.0,-0.39996287528512203,0.17655031581794492,-0.6000371247148779,-0.17655031581794492
1.0,0.0,-0.4902923731555433,0.28123044632869426,-0.5097076268444567,-0.28123044632869426
1.0,0.0,-0.07976521906992612,0.07905603803500136,-0.9202347809300739,-0.07905603803500136
1.0,0.0,-0.4970123248168177,0.8246100235425377,-0.5029876751831823,-0.8246100235425377
1.0,0.0,-0.48617772607106413,0.7150290906569998,-0.5138222739289359,-0.7150290906569998
1.0,0.0,-0.2729593779457317,0.38635266828982456,-0.7270406220542682,-0.38635266828982456
1.0,0.0,-0.15614090590676466,0.13034515935499583,-0.8438590940932353,-0.13034515935499583
1.0,0.0,-0.022463930046332195,0.39444749611642543,-0.9775360699536678,-0.39444749611642543
1.0,0.0,-0.18066079857023118,0.9289658831670607,-0.8193392014297688,-0.9289658831670607
1.0,0.0,-0.3770911333975036,0.6437829336531741,-0.6229088666024964,-0.6437829336531741
1.0,0.0,-0.24315058766629105,0.4096069954113567,-0.756849412333709,-0.4096069954113567
1.0,0.0,-0.25708144486900963,0.2129277901249713,-0.7429185551309904,-0.2129277901249713
1.0,0.0,-0.2553272544220815,0.42022376983103493,-0.7446727455779185,-0.42022376983103493
1.0,0.0,-0.04060639879784972,0.02863506278238123,-0.9593936012021502,-0.02863506278238123
1.0,0.0,-0.2892184484776045,0.2108942275863156,-0.7107815515223955,-0.2108942275863156
1.0,0.0,-0.00947749133337799,0.6415740071259768,-0.9905225086666221,-0.6415740071259768
1.0,0.0,-0.30698602245539164,0.6159256905075686,-0.6930139775446084,-0.6159256905075686
1.0,0.0,-0.14428631085658244,0.35390938190058463,-0.8557136891434176,-0.35390938190058463
1.0,0.0,-0.35263657728524694,0.17514949492758844,-0.6473634227147531,-0.17514949492758844
1.0,0.0,-0.16445660344128293,0.014197193903837694,-0.8355433965587171,-0.014197193903837694
1.0,0.0,-0.32819048745539925,0.6310563432699412,-0.6718095125446008,-0.6310563432699412
1.0,0.0,-0.11038952509503802,0.16354975079859158,-0.889610474904962,-0.16354975079859158
1.0,0.0,-0.39535814596656793,0.24809649863201377,-0.6046418540334321,-0.24809649863201377
1.0,0.0,-0.37349986478661595,0.13612760189290793,-0.6265001352133841,-0.13612760189290793
1.0,0.0,-0.003730862218829641,0.0401459386468064,-0.9962691377811703,-0.0401459386468064
1.0,0.0,-0.4448411885420967,0.2061765341696701,-0.5551588114579034,-0.2061765341696701
1.0,0.0,-0.15261613556302628,0.21651514293871443,-0.8473838644369738,-0.21651514293871443
1.0,0.0,-0.1469568266253894,0.1541052312187773,-0.8530431733746107,-0.1541052312187773
1.0,0.0,-0.49598744711469667,0.1578795420929204,-0.5040125528853033,-0.1578795420929204
1.0,0.0,-0.26305551398254046,0.029351426484671095,-0.7369444860174595,-0.029351426484671095
1.0,0.0,-0.2840230639849302,0.2628553088092096,-0.7159769360150698,-0.2628553088092096
1.0,0.0,-0.3226724262940878,0.5385400244328118,-0.6773275737059121,-0.5385400244328118
1.0,0.0,-0.1934208007830027,0.3450131541957467,-0.8065791992169973,-0.3450131541957467
1.0,0.0,-0.10171741608636198,0.9905254572112582,-0.898282583913638,-0.9905254572112582
1.0,0.0,-0.04893244242731032,0.08154520351497475,-0.9510675575726897,-0.08154520351497475
1.0,0.0,-0.10358451227035637,0.014202605300275206,-0.8964154877296436,-0.014202605300275206
1.0,0.0,-0.11521919694394418,0.42032004660609174,-0.8847808030560558,-0.42032004660609174
1.0,0.0,-0.13958110784891492,0.12866932681497972,-0.8604188921510851,-0.12866932681497972
1.0,0.0,-0.01814580324346471,0.030661332136044748,-0.9818541967565353,-0.030661332136044748
1.0,0.0,-0.1421350591698925,0.06389914068819351,-0.8578649408301076,-0.06389914068819351
1.0,0.0,-0.12912256258740573,0.07770008587271317,-0.8708774374125943,-0.07770008587271317
1.0,0.0,-0.24408349983038147,0.35904605968656994,-0.7559165001696185,-0.35904605968656994
1.0,0.0,-0.07333089555077421,0.08266807855056774,-0.9266691044492258,-0.08266807855056774
1.0,0.0,-0.3122528984258555,0.49057055572869174,-0.6877471015741445,-0.49057055572869174
1.0,0.0,-0.3594105486784014,0.6097438734826913,-0.6405894513215986,-0.6097438734826913
1.0,0.0,-0.44353834113247853,0.48478317251546343,-0.5564616588675215,-0.48478317251546343
1.0,0.0,-0.26018137064754,0.1821800438082647,-0.73981862935246,-0.1821800438082647
1.0,0.0,-0.27790449768779213,0.44587512651485,-0.7220955023122079,-0.44587512651485
1.0,0.0,-0.4539179968223135,0.687772889926898,-0.5460820031776865,-0.687772889926898
1.0,0.0,-0.016898495405655745,0.0187105583934367,-0.9831015045943443,-0.0187105583934367
1.0,0.0,-0.33235812035432954,0.5426028771153183,-0.6676418796456705,-0.5426028771153183
1.0,0.0,-0.4746228695953518,0.4448772017979,-0.5253771304046482,-0.4448772017979
1.0,0.0,-0.027498415245688745,0.024167466734263388,-0.9725015847543113,-0.024167466734263388
1.0,0.0,-0.17548829286610812,0.5503885867735553,-0.8245117071338919,-0.5503885867735553
1.0,0.0,-0.47504001240292554,0.7053965671924809,-0.5249599875970745,-0.7053965671924809
1.0,0.0,-0.20557447141154983,0.13378913901983885,-0.7944255285884502,-0.13378913901983885
1.0,0.0,-0.3146362834395002,0.5021303815889577,-0.6853637165604998,-0.5021303815889577
1.0,0.0,-0.040684979688418665,0.053995773689045075,-0.9593150203115813,-0.053995773689045075
1.0,0.0,-0.16712420339739192,0.16115072455072976,-0.8328757966026081,-0.16115072455072976
1.0,0.0,-0.11125210342915665,0.1305989304693986,-0.8887478965708433,-0.1305989304693986
1.0,0.0,-0.21902991692952437,0.438285341710335,-0.7809700830704757,-0.438285341710335
1.0,0.0,-0.46271073795882006,0.6892453980828929,-0.53728926204118,-0.6892453980828929
1.0,0.0,-0.18895684024768797,0.637175265222152,-0.811043159752312,-0.637175265222152
1.0,0.0,-0.4660243252136342,0.6023325224422059,-0.5339756747863658,-0.6023325224422059
1.0,0.0,-0.12002773243396248,0.10380702707934637,-0.8799722675660375,-0.10380702707934637
1.0,0.0,-0.13590448195702795,0.3777852505122069,-0.864095518042972,-0.3777852505122069
1.0,0.0,-0.11606147841561432,0.028094722821719556,-0.8839385215843857,-0.028094722821719556
1.0,0.0,-0.4432145099989294,0.49307502041469786,-0.5567854900010706,-0.49307502041469786
1.0,0.0,-0.241302339376459,0.5505908592696811,-0.7586976606235409,-0.5505908592696811
1.0,0.0,-0.3618859763026817,0.5906295197044661,-0.6381140236973183,-0.5906295197044661
1.0,0.0,-0.32005713441790506,0.18578778520312814,-0.6799428655820949,-0.18578778520312814
1.0,0.0,-0.48953550651362504,0.3410464445895169,-0.5104644934863749,-0.3410464445895169
1.0,0.0,-0.035144704347837064,0.05874614909147143,-0.964855295652163,-0.05874614909147143
1.0,0.0,-0.4687784593519234,0.6480085324632543,-0.5312215406480766,-0.6480085324632543
1.0,0.0,-0.057682577335140484,0.04143968538608518,-0.9423174226648595,-0.04143968538608518
1.0,0.0,-0.27613837929101964,0.09010181816045314,-0.7238616207089803,-0.09010181816045314
1.0,0.0,-0.01321600432497394,0.005615576114506492,-0.9867839956750261,-0.005615576114506492
1.0,0.0,-0.06883081271561398,0.07805168722594404,-0.931169187284386,-0.07805168722594404
1.0,0.0,-0.3157733702903245,0.139076739953434,-0.6842266297096755,-0.139076739953434
1.0,0.0,-0.34721694686922977,0.02789513964740634,-0.6527830531307702,-0.02789513964740634
1.0,0.0,-0.01926475240385783,0.06932840434383378,-0.9807352475961422,-0.06932840434383378
1.0,0.0,-0.016431748224786075,0.11641528101858145,-0.9835682517752139,-0.11641528101858145
1.0,0.0,-0.4962696498894892,0.051823686513238265,-0.5037303501105108,-0.051823686513238265
1.0,0.0,-0.15055819444185153,0.0915815952342428,-0.8494418055581485,-0.0915815952342428
1.0,0.0,-0.03633102921275566,0.04425535341610786,-0.9636689707872443,-0.04425535341610786
1.0,0.0,-0.11159128063777785,0.16683868031872578,-0.8884087193622221,-0.16683868031872578
1.0,0.0,-0.08751928325070218,0.011921140017921168,-0.9124807167492979,-0.011921140017921168
1.0,0.0,-0.34765157906610433,0.5913001531523967,-0.6523484209338957,-0.5913001531523967
1.0,0.0,-0.4134782254024832,0.23024040201115492,-0.5865217745975169,-0.23024040201115492
1.0,0.0,-0.14310801026987902,0.21879940075925647,-0.856891989730121,-0.21879940075925647
1.0,0.0,-0.3847474537564669,0.5144547712219446,-0.6152525462435331,-0.5144547712219446
1.0,0.0,-0.2237319706930681,0.3332937226177413,-0.776268029306932,-0.3332937226177413
1.0,0.0,-0.24218457771606294,0.07848270265458294,-0.7578154222839371,-0.07848270265458294
1.0,0.0,-0.4155260409470164,0.5520923568787512,-0.5844739590529836,-0.5520923568787512
1.0,0.0,-0.22246041801123662,0.25880261853897624,-0.7775395819887634,-0.25880261853897624
1.0,0.0,-0.44189310553677347,0.09631132343588494,-0.5581068944632266,-0.09631132343588494
1.0,0.0,-0.48209549402519397,0.3621139551063978,-0.517904505974806,-0.3621139551063978
1.0,0.0,-0.33040119048136213,0.04965824974308789,-0.6695988095186378,-0.04965824974308789
1.0,0.0,-0.0722888068850026,0.31136327727210744,-0.9277111931149974,-0.31136327727210744
1.0,0.0,-0.214676916081264,0.33687621765041664,-0.785323083918736,-0.33687621765041664
1.0,0.0,-0.27575001797183596,0.45831991480687945,-0.724249982028164,-0.45831991480687945
1.0,0.0,-0.2990265536459071,0.03683027793912045,-0.7009734463540929,-0.03683027793912045
1.0,0.0,-0.24513621774130487,0.6199261637964067,-0.7548637822586951,-0.6199261637964067
1.0,0.0,-0.18310445462569486,0.18979020038603503,-0.8168955453743052,-0.18979020038603503
1.0,0.0,-0.2758819387716356,0.24202406458938683,-0.7241180612283644,-0.24202406458938683
1.0,0.0,-0.41941961538156614,0.5345817227488977,-0.5805803846184339,-0.5345817227488977
1.0,0.0,-0.029391846862250937,0.025851562238038223,-0.9706081531377491,-0.025851562238038223
1.0,0.0,-0.33552897324665537,0.29296476539564215,-0.6644710267533447,-0.29296476539564215
1.0,0.0,-0.434138529920101,0.3585828599456138,-0.565861470079899,-0.3585828599456138
1.0,0.0,-0.04440909918515658,0.4387585220200798,-0.9555909008148434,-0.4387585220200798
1.0,0.0,-0.09900546938549838,0.2050248123239971,-0.9009945306145016,-0.2050248123239971
1.0,0.0,-0.03940695553465484,0.013917695303429314,-0.9605930444653452,-0.013917695303429314
1.0,0.0,-0.030477825629871808,0.6961324985691024,-0.9695221743701282,-0.6961324985691024
1.0,0.0,-0.2656139980235814,0.4002581263489064,-0.7343860019764186,-0.4002581263489064
1.0,0.0,-0.061302473366694026,0.11797443017600857,-0.938697526633306,-0.11797443017600857
1.0,0.0,-0.3207572150911232,0.18583254376858102,-0.6792427849088768,-0.18583254376858102
1.0,0.0,-0.2592106637800162,0.7176303622968014,-0.7407893362199838,-0.7176303622968014
1.0,0.0,-0.07635251378250645,0.7055307076771794,-0.9236474862174936,-0.7055307076771794
1.0,0.0,-0.23803344413514113,0.8143689221713055,-0.7619665558648588,-0.8143689221713055
1.0,0.0,-0.2953911614278838,0.038115640451128516,-0.7046088385721162,-0.038115640451128516
1.0,0.0,-0.09133760705712723,0.09286409951306653,-0.9086623929428728,-0.09286409951306653
1.0,0.0,-0.2675727152755818,0.641588085069837,-0.7324272847244182,-0.641588085069837
1.0,0.0,-0.46401586268439166,0.5311283761752752,-0.5359841373156083,-0.5311283761752752
1.0,0.0,-0.04693763200802786,0.35716784549075226,-0.9530623679919721,-0.35716784549075226
1.0,0.0,-0.03741443001676776,0.1463135740279176,-0.9625855699832322,-0.1463135740279176
1.0,0.0,-0.030632597203134215,0.00947933794880479,-0.9693674027968657,-0.00947933794880479
1.0,0.0,-0.11567360469900322,0.42677240300878294,-0.8843263953009968,-0.42677240300878294
1.0,0.0,-0.12815680864179213,0.18677662364135403,-0.8718431913582079,-0.18677662364135403
1.0,0.0,-0.15519977774205634,0.21904926978534223,-0.8448002222579436,-0.21904926978534223
1.0,0.0,-0.32741673876468724,0.19135925370590404,-0.6725832612353128,-0.19135925370590404
1.0,0.0,-0.1910521672679339,0.22759887292837216,-0.808947832732066,-0.22759887292837216
1.0,0.0,-0.3293397970113174,0.25588855905169405,-0.6706602029886826,-0.25588855905169405
1.0,0.0,-0.2901902155657255,0.49166170128222547,-0.7098097844342746,-0.49166170128222547
1.0,0.0,-0.17271865208992182,0.010349869125925438,-0.8272813479100782,-0.010349869125925438
1.0,0.0,-0.2920344337135211,0.5750683352545796,-0.7079655662864789,-0.5750683352545796
1.0,0.0,-0.07643278851655061,0.079489355007059,-0.9235672114834494,-0.079489355007059
1.0,0.0,-0.07059998521433732,0.41173714257747035,-0.9294000147856627,-0.41173714257747035
1.0,0.0,-0.3049783900323158,0.9250751228908588,-0.6950216099676843,-0.9250751228908588
1.0,0.0,-0.2897682703892327,0.27393247441973034,-0.7102317296107673,-0.27393247441973034
1.0,0.0,-0.40846603897945294,0.2124920434819802,-0.591533961020547,-0.2124920434819802
1.0,0.0,-0.19163008790597924,0.2858157552814417,-0.8083699120940208,-0.2858157552814417
1.0,0.0,-0.2332536879319198,0.31193365802896306,-0.7667463120680802,-0.31193365802896306
1.0,0.0,-0.18077538609236815,0.47887424676372464,-0.8192246139076318,-0.47887424676372464
1.0,0.0,-0.23843767281071193,0.791347407988481,-0.7615623271892881,-0.791347407988481
1.0,0.0,-0.0706959102911271,0.05796530462978403,-0.9293040897088729,-0.05796530462978403
1.0,0.0,-0.4176673767143582,0.6303079145383707,-0.5823326232856418,-0.6303079145383707
1.0,0.0,-0.4878947097763859,0.6990088397270416,-0.5121052902236141,-0.6990088397270416
1.0,0.0,-0.37423714343911746,0.166852454814398,-0.6257628565608826,-0.166852454814398
1.0,0.0,-0.21110750656835076,0.2941697528794323,-0.7888924934316492,-0.2941697528794323
1.0,0.0,-0.3789885072416675,0.27357371751509935,-0.6210114927583326,-0.27357371751509935
1.0,0.0,-0.09482064603149287,0.09395081456426553,-0.9051793539685071,-0.09395081456426553
1.0,0.0,-0.18406315568229525,0.31271160115130625,-0.8159368443177047,-0.31271160115130625
1.0,0.0,-0.27781279703350453,0.18353325643422141,-0.7221872029664955,-0.18353325643422141
1.0,0.0,-0.058617681272511254,0.17230405053107195,-0.9413823187274888,-0.17230405053107195
1.0,0.0,-0.006995494324245024,0.12254011942806892,-0.9930045056757549,-0.12254011942806892
1.0,0.0,-0.1567164525038461,0.8106626794170892,-0.8432835474961539,-0.8106626794170892
1.0,0.0,-0.06301679712757913,0.23116554062379097,-0.9369832028724209,-0.23116554062379097
1.0,0.0,-0.12629178895284693,0.18517764905267645,-0.873708211047153,-0.18517764905267645
1.0,0.0,-0.4006107514479923,0.5211981172029849,-0.5993892485520077,-0.5211981172029849
1.0,0.0,-0.14902790469982938,0.3804098019923219,-0.8509720953001706,-0.3804098019923219
1.0,0.0,-0.1238185971984635,0.2000482251566252,-0.8761814028015364,-0.2000482251566252
1.0,0.0,-0.04183796051492639,0.05409118196014569,-0.9581620394850736,-0.05409118196014569
1.0,0.0,-0.25592284567387064,0.356145217428261,-0.7440771543261293,-0.356145217428261
1.0,0.0,-0.472231274297314,0.2637956223962843,-0.527768725702686,-0.2637956223962843
1.0,0.0,-0.23838293763751436,0.5015321531836671,-0.7616170623624856,-0.5015321531836671
1.0,0.0,-0.17438030116304637,0.22244357287135783,-0.8256196988369536,-0.22244357287135783
1.0,0.0,-0.03523652186395493,0.039635880904554485,-0.964763478136045,-0.039635880904554485
1.0,0.0,-0.04999515773663044,0.08665473462854219,-0.9500048422633696,-0.08665473462854219
1.0,0.0,-0.2852217941155583,0.023173500510702615,-0.7147782058844416,-0.023173500510702615
1.0,0.0,-0.13162913071466562,0.3820580693219492,-0.8683708692853344,-0.3820580693219492
1.0,0.0,-0.013993396922156232,0.012942558122296798,-0.9860066030778438,-0.012942558122296798
1.0,0.0,-0.048077137377418214,0.4527586020119885,-0.9519228626225817,-0.4527586020119885
1.0,0.0,-0.18739714566008742,0.2504401444271573,-0.8126028543399126,-0.2504401444271573
1.0,0.0,-0.061448385432272046,0.0832354513570453,-0.938551614567728,-0.0832354513570453
1.0,0.0,-0.4892006790708691,0.7212435878808682,-0.5107993209291308,-0.7212435878808682
1.0,0.0,-0.252674479399528,0.5880458036231182,-0.7473255206004721,-0.5880458036231182
1.0,0.0,-0.3501601115669373,0.6042179564585926,-0.6498398884330627,-0.6042179564585926
1.0,0.0,-0.05160690319719813,0.0648652117280767,-0.9483930968028018,-0.0648652117280767
1.0,0.0,-0.024441827275363315,0.004815809436840196,-0.9755581727246367,-0.004815809436840196
1.0,0.0,-0.09220938824057656,0.17602238055823294,-0.9077906117594234,-0.17602238055823294
1.0,0.0,-0.2895176501042494,0.6923041172974302,-0.7104823498957507,-0.6923041172974302
1.0,0.0,-0.08085303809021915,0.06163504702111407,-0.9191469619097808,-0.06163504702111407
1.0,0.0,-0.18761353139886416,0.6326159006646626,-0.8123864686011358,-0.6326159006646626
1.0,0.0,-0.44322837027567874,0.212172574397542,-0.5567716297243213,-0.212172574397542
1.0,0.0,-0.20982184475221463,0.4737565757728455,-0.7901781552477853,-0.4737565757728455
1.0,0.0,-0.22343586555546807,0.6544056489729686,-0.776564134444532,-0.6544056489729686
1.0,0.0,-0.2312369549517695,0.3161680558715164,-0.7687630450482306,-0.3161680558715164
1.0,0.0,-0.16643202330530404,0.4832797496067838,-0.833567976694696,-0.4832797496067838
1.0,0.0,-0.33795747791160974,0.1150687140430213,-0.6620425220883903,-0.1150687140430213
1.0,0.0,-0.3726003085952778,0.7957337692810263,-0.6273996914047222,-0.7957337692810263
1.0,0.0,-0.32273321065885247,0.0006829631389243395,-0.6772667893411475,-0.0006829631389243395
1.0,0.0,-0.009278317599531767,0.9717266056698551,-0.9907216824004682,-0.9717266056698551
1.0,0.0,-0.36154564441040843,0.8902390745399403,-0.6384543555895916,-0.8902390745399403
1.0,0.0,-0.29745706810164474,0.19875968987427906,-0.7025429318983553,-0.19875968987427906
1.0,0.0,-0.14583708903219816,0.16250058277944202,-0.8541629109678018,-0.16250058277944202
1.0,0.0,-0.026268144397561935,0.09026177052402602,-0.973731855602438,-0.09026177052402602
1.0,0.0,-0.4128340774225812,0.243078737543757,-0.5871659225774188,-0.243078737543757
1.0,0.0,-0.10558504221020334,0.2515910153578318,-0.8944149577897966,-0.2515910153578318
1.0,0.0,-0.31886376915243503,0.2050514168147426,-0.681136230847565,-0.2050514168147426
1.0,0.0,-0.13325341629263057,0.6110793695236794,-0.8667465837073695,-0.6110793695236794
1.0,0.0,-0.25604280153134573,0.21792630931534032,-0.7439571984686543,-0.21792630931534032
1.0,0.0,-0.41314429109360334,0.5846315323406718,-0.5868557089063966,-0.5846315323406718
1.0,0.0,-0.03328987243523447,0.4011726903012008,-0.9667101275647655,-0.4011726903012008
1.0,0.0,-0.002348948216843945,0.04069581692908848,-0.997651051783156,-0.04069581692908848
1.0,0.0,-0.022096455815643314,0.6335760077559114,-0.9779035441843567,-0.6335760077559114
1.0,0.0,-0.013956733039742165,0.13125824060904154,-0.9860432669602578,-0.13125824060904154
1.0,0.0,-0.23259732874606998,0.266205197673666,-0.76740267125393,-0.266205197673666
1.0,0.0,-0.49544352229206856,0.6130431621514987,-0.5045564777079314,-0.6130431621514987
1.0,0.0,-0.05924568949654324,0.37616163522063706,-0.9407543105034568,-0.37616163522063706
1.0,0.0,-0.06951476543931807,0.6360255932403595,-0.9304852345606819,-0.6360255932403595
1.0,0.0,-0.20442320805791703,0.32147759618790567,-0.795576791942083,-0.32147759618790567
1.0,0.0,-0.2077563791530925,0.93726156528268,-0.7922436208469075,-0.93726156528268
1.0,0.0,-0.384795363559701,0.6985149085640148,-0.615204636440299,-0.6985149085640148
1.0,0.0,-0.38384940216207925,0.06969144307860996,-0.6161505978379207,-0.06969144307860996
1.0,0.0,-0.40883811300301415,0.6770171857373166,-0.5911618869969859,-0.6770171857373166
1.0,0.0,-0.0026681381601280085,0.00386850788249227,-0.997331861839872,-0.00386850788249227
1.0,0.0,-0.4412051167364792,0.8769280181558137,-0.5587948832635208,-0.8769280181558137
1.0,0.0,-0.07017807752989713,0.018390330264163226,-0.9298219224701029,-0.018390330264163226
1.0,0.0,-0.1027756522674399,0.018558765400399933,-0.8972243477325601,-0.018558765400399933
1.0,0.0,-0.0717155223182937,0.11752961083357848,-0.9282844776817063,-0.11752961083357848
1.0,0.0,-0.47622430166686475,0.5595781644712715,-0.5237756983331352,-0.5595781644712715
1.0,0.0,-0.20394345605673167,0.43860167356250296,-0.7960565439432683,-0.43860167356250296
1.0,0.0,-0.04582007576457297,0.10037565661533045,-0.9541799242354271,-0.10037565661533045
1.0,0.0,-0.054605523572898884,0.07408062847451762,-0.9453944764271012,-0.07408062847451762
1.0,0.0,-0.4263372931072644,0.22882688407556695,-0.5736627068927356,-0.22882688407556695
1.0,0.0,-0.017585321085590754,0.910668340864379,-0.9824146789144093,-0.910668340864379
1.0,0.0,-0.20174563882287705,0.7415412178827935,-0.7982543611771229,-0.7415412178827935
1.0,0.0,-0.3219375626673246,0.2802603769366561,-0.6780624373326753,-0.2802603769366561
1.0,0.0,-0.09485489794082921,0.9529118934679803,-0.9051451020591708,-0.9529118934679803
1.0,0.0,-0.037694100983060974,0.050694436132560354,-0.9623058990169391,-0.050694436132560354
1.0,0.0,-0.018184420897650135,0.07380495613279647,-0.9818155791023498,-0.07380495613279647
1.0,0.0,-0.07260141863605513,0.02634239926753007,-0.9273985813639449,-0.02634239926753007
1.0,0.0,-0.16679977082593828,0.17950496531555307,-0.8332002291740617,-0.17950496531555307
1.0,0.0,-0.2855230951594606,0.07353428732501807,-0.7144769048405394,-0.07353428732501807
1.0,0.0,-0.11417331051148091,0.21871723804498383,-0.8858266894885191,-0.21871723804498383
1.0,0.0,-0.3402373699371176,0.38957716324173036,-0.6597626300628824,-0.38957716324173036
1.0,0.0,-0.1283412391639131,0.1720662173038118,-0.8716587608360868,-0.1720662173038118
1.0,0.0,-0.0267167903661614,0.1829935386955828,-0.9732832096338386,-0.1829935386955828
1.0,0.0,-0.12363988825270072,0.09140184083313849,-0.8763601117472992,-0.09140184083313849
1.0,0.0,-0.0022130361691906075,0.0037016402904126483,-0.9977869638308094,-0.0037016402904126483
1.0,0.0,-0.12152101206777827,0.13951438172348068,-0.8784789879322217,-0.13951438172348068
1.0,0.0,-0.025419682580017866,0.02231807666967999,-0.9745803174199821,-0.02231807666967999
1.0,0.0,-0.2399347107542092,0.19935734495746876,-0.7600652892457909,-0.19935734495746876
1.0,0.0,-0.12867894895376764,0.06195183234885873,-0.8713210510462324,-0.06195183234885873
1.0,0.0,-0.17611575464538282,0.19481849755108643,-0.8238842453546171,-0.19481849755108643
1.0,0.0,-0.4309016362542756,0.5999411490680134,-0.5690983637457244,-0.5999411490680134
1.0,0.0,-0.3823353452869267,0.5881857028879587,-0.6176646547130733,-0.5881857028879587
1.0,0.0,-0.07464514553898405,0.12373675708448766,-0.925354854461016,-0.12373675708448766
1.0,0.0,-0.09733004548334928,0.23456971026880413,-0.9026699545166508,-0.23456971026880413
1.0,0.0,-0.011872119232087086,0.005439333600635551,-0.9881278807679129,-0.005439333600635551
1.0,0.0,-0.05734660801829183,0.3174405312033445,-0.9426533919817082,-0.3174405312033445
1.0,0.0,-0.20948651575135901,0.06158858705512861,-0.790513484248641,-0.06158858705512861
1.0,0.0,-0.04220454633264559,0.02239057674178401,-0.9577954536673544,-0.02239057674178401
1.0,0.0,-0.05134701161344361,0.4518351097397574,-0.9486529883865564,-0.4518351097397574
1.0,0.0,-0.1376341812634353,0.06443193849799807,-0.8623658187365647,-0.06443193849799807
1.0,0.0,-0.46100108248723,0.7637039304892043,-0.5389989175127701,-0.7637039304892043
1.0,0.0,-0.21696062481867845,0.13771799313906155,-0.7830393751813216,-0.13771799313906155
1.0,0.0,-0.21362977055976712,0.3552339044848219,-0.7863702294402328,-0.3552339044848219
1.0,0.0,-0.18004942278308994,0.9807909852610456,-0.81995057721691,-0.9807909852610456
1.0,0.0,-0.4417161017420961,0.5020048582475105,-0.5582838982579039,-0.5020048582475105
1.0,0.0,-0.2778784089051052,0.22656602756378175,-0.7221215910948948,-0.22656602756378175
1.0,0.0,-0.49831190801287545,0.8038028708567166,-0.5016880919871245,-0.8038028708567166
1.0,0.0,-0.3489958558225007,0.3725246572632314,-0.6510041441774993,-0.3725246572632314
1.0,0.0,-0.02207513049330418,0.9651181652620149,-0.9779248695066958,-0.9651181652620149
1.0,0.0,-0.3084552594759978,0.699349312740924,-0.6915447405240023,-0.699349312740924
1.0,0.0,-0.10989314974033965,0.17449973672206914,-0.8901068502596603,-0.17449973672206914
1.0,0.0,-0.0852861948147744,0.1375363531325403,-0.9147138051852256,-0.1375363531325403
1.0,0.0,-0.0060723099720541894,0.6763315903754933,-0.9939276900279458,-0.6763315903754933
1.0,0.0,-0.0037399559478236534,0.0613137787703716,-0.9962600440521764,-0.0613137787703716
1.0,0.0,-0.4925027227535582,0.6869470572242626,-0.5074972772464418,-0.6869470572242626
1.0,0.0,-0.26450696744421903,0.5166075863040624,-0.7354930325557809,-0.5166075863040624
1.0,0.0,-0.05677906701564074,0.35459607345389665,-0.9432209329843593,-0.35459607345389665
1.0,0.0,-0.19014741292056447,0.09913430417651872,-0.8098525870794355,-0.09913430417651872
1.0,0.0,-0.12544966025799753,0.14296374340758472,-0.8745503397420025,-0.14296374340758472
1.0,0.0,-0.44924226040742704,0.28154200291163844,-0.5507577395925729,-0.28154200291163844
1.0,0.0,-0.06378854691355774,0.9144212589699027,-0.9362114530864423,-0.9144212589699027
1.0,0.0,-0.4531310703520069,0.7071036975423681,-0.5468689296479932,-0.7071036975423681
1.0,0.0,-0.3859807037466048,0.10030632786565502,-0.6140192962533952,-0.10030632786565502
1.0,0.0,-0.08895518315569317,0.406346139290852,-0.9110448168443068,-0.406346139290852
1.0,0.0,-0.1333727772789478,0.6145738732305062,-0.8666272227210522,-0.6145738732305062
1.0,0.0,-0.1816464624235467,0.20800079093290863,-0.8183535375764532,-0.20800079093290863
1.0,0.0,-0.03725137606761552,0.21845480007642695,-0.9627486239323845,-0.21845480007642695
1.0,0.0,-0.15239450020115786,0.24462742284010947,-0.8476054997988421,-0.24462742284010947
1.0,0.0,-0.422567941707379,0.24453017430281712,-0.577432058292621,-0.24453017430281712
1.0,0.0,-0.4856957441106188,0.18650807039171272,-0.5143042558893812,-0.18650807039171272
1.0,0.0,-0.00782094317916487,0.014556475022851446,-0.9921790568208352,-0.014556475022851446
1.0,0.0,-0.44429713344431854,0.16126428551974994,-0.5557028665556815,-0.16126428551974994
1.0,0.0,-0.01845279284322543,0.011067313842949459,-0.9815472071567746,-0.011067313842949459
1.0,0.0,-0.20279077019356462,0.9334031068416913,-0.7972092298064354,-0.9334031068416913
1.0,0.0,-0.07212611622407321,0.8619998534826512,-0.9278738837759268,-0.8619998534826512
1.0,0.0,-0.32475261595084604,0.40007400844263824,-0.675247384049154,-0.40007400844263824
1.0,0.0,-0.11817351693880068,0.18435410781567146,-0.8818264830611993,-0.18435410781567146
1.0,0.0,-0.42414910724187316,0.5737714972023592,-0.5758508927581268,-0.5737714972023592
1.0,0.0,-0.38200438358196365,0.6284418186689372,-0.6179956164180364,-0.6284418186689372
1.0,0.0,-0.3178432661548048,0.42356353333495883,-0.6821567338451953,-0.42356353333495883
1.0,0.0,-0.4917507037418467,0.777978489129426,-0.5082492962581533,-0.777978489129426
1.0,0.0,-0.052187191030611535,0.06562181704886254,-0.9478128089693885,-0.06562181704886254
1.0,0.0,-0.32006919632764474,0.41271346960048677,-0.6799308036723553,-0.41271346960048677
1.0,0.0,-0.07532951968531948,0.1269919115299555,-0.9246704803146806,-0.1269919115299555
1.0,0.0,-0.1905568131370607,0.2621379530259314,-0.8094431868629393,-0.2621379530259314
1.0,0.0,-0.3689418824129497,0.5044824196013569,-0.6310581175870503,-0.5044824196013569
1.0,0.0,-0.04914913994074549,0.0260877069335975,-0.9508508600592545,-0.0260877069335975
1.0,0.0,-0.26838245300202046,0.23436631899164997,-0.7316175469979795,-0.23436631899164997
1.0,0.0,-0.3693671989213318,0.5052985112424447,-0.6306328010786681,-0.5052985112424447
1.0,0.0,-0.0758305131527302,0.12911314537319774,-0.9241694868472698,-0.12911314537319774
1.0,0.0,-0.29842963484012625,0.41772217977109294,-0.7015703651598737,-0.41772217977109294
1.0,0.0,-0.26687212037674585,0.35162339782368,-0.7331278796232541,-0.35162339782368
1.0,0.0,-0.31901663510911166,0.017441258200421497,-0.6809833648908883,-0.017441258200421497
1.0,0.0,-0.32487535271300017,0.46511006629845697,-0.6751246472869998,-0.46511006629845697
1.0,0.0,-0.07566113658686217,0.1469822690040528,-0.9243388634131379,-0.1469822690040528
1.0,0.0,-0.038265617131043594,0.06291400187910293,-0.9617343828689564,-0.06291400187910293
1.0,0.0,-0.03531715187741635,0.013783560597944809,-0.9646828481225836,-0.013783560597944809
1.0,0.0,-0.477170761331124,0.6969880686722201,-0.522829238668876,-0.6969880686722201
1.0,0.0,-0.2841389053495386,0.20219249270834297,-0.7158610946504613,-0.20219249270834297
1.0,0.0,-0.00537984383320711,0.003607503033180033,-0.9946201561667929,-0.003607503033180033
1.0,0.0,-0.06634401505604376,0.07210768725482812,-0.9336559849439563,-0.07210768725482812
1.0,0.0,-0.3726077206739452,0.641295826544877,-0.6273922793260548,-0.641295826544877
1.0,0.0,-0.22639547389219378,0.4368639234558052,-0.7736045261078062,-0.4368639234558052
1.0,0.0,-0.1865206013846213,0.2114289832502187,-0.8134793986153788,-0.2114289832502187
1.0,0.0,-0.31919774559931463,0.27766777448566426,-0.6808022544006853,-0.27766777448566426
1.0,0.0,-0.012118929048663504,0.790597444526746,-0.9878810709513365,-0.790597444526746
1.0,0.0,-0.4808089493516009,0.5835588851408245,-0.5191910506483991,-0.5835588851408245
1.0,0.0,-0.3566531388269829,0.13154435123200894,-0.6433468611730171,-0.13154435123200894
1.0,0.0,-0.07268698817452646,0.026604396873232773,-0.9273130118254735,-0.026604396873232773
1.0,0.0,-0.10927429441973158,0.1825494660765393,-0.8907257055802684,-0.1825494660765393
1.0,0.0,-0.46304940720031323,0.12478481881661875,-0.5369505927996867,-0.12478481881661875
1.0,0.0,-0.2290702834272652,0.019295073421459846,-0.7709297165727348,-0.019295073421459846
1.0,0.0,-0.019943802866156768,0.03249918466515887,-0.9800561971338433,-0.03249918466515887
1.0,0.0,-0.42255359498563233,0.17849734297068284,-0.5774464050143677,-0.17849734297068284
1.0,0.0,-0.14811372040143078,0.08144053482822378,-0.8518862795985692,-0.08144053482822378
1.0,0.0,-0.1902456355245925,0.28428216214921065,-0.8097543644754075,-0.28428216214921065
1.0,0.0,-0.4589709397166517,0.8656767969969907,-0.5410290602833483,-0.8656767969969907
1.0,0.0,-0.34399218498208123,0.5544750387995235,-0.6560078150179187,-0.5544750387995235
1.0,0.0,-0.014373015546270781,0.8428582412499476,-0.9856269844537292,-0.8428582412499476
1.0,0.0,-0.46419119450351815,0.7236411117828585,-0.5358088054964818,-0.7236411117828585
1.0,0.0,-0.25368752067958517,0.417292931709524,-0.7463124793204148,-0.417292931709524
1.0,0.0,-0.27534557679196686,0.37318734368148215,-0.7246544232080332,-0.37318734368148215
1.0,0.0,-0.4120242775090256,0.801812270645244,-0.5879757224909744,-0.801812270645244
1.0,0.0,-0.1663331058975998,0.38566189775566406,-0.8336668941024001,-0.38566189775566406
1.0,0.0,-0.19972625104550323,0.31594964855830276,-0.8002737489544968,-0.31594964855830276
1.0,0.0,-0.12719944510262202,0.333265928874945,-0.872800554897378,-0.333265928874945
1.0,0.0,-0.26715135902462633,0.5261356602402784,-0.7328486409753736,-0.5261356602402784
1.0,0.0,-0.03878880643002352,0.18812849640531992,-0.9612111935699765,-0.18812849640531992
1.0,0.0,-0.4978163572076676,0.10550111198628975,-0.5021836427923324,-0.10550111198628975
1.0,0.0,-0.4153007746089106,0.844310042807529,-0.5846992253910894,-0.844310042807529
1.0,0.0,-0.06821960712896313,0.042847853780889816,-0.9317803928710369,-0.042847853780889816
1.0,0.0,-0.056002377540487154,0.18221042051268482,-0.9439976224595128,-0.18221042051268482
1.0,0.0,-0.0011521310079694912,0.0070852461140101545,-0.9988478689920305,-0.0070852461140101545
1.0,0.0,-0.074459097499496,0.4453185400665395,-0.925540902500504,-0.4453185400665395
1.0,0.0,-0.11389140962328312,0.8601414336682988,-0.8861085903767169,-0.8601414336682988
1.0,0.0,-0.4180668679584388,0.7106787019795633,-0.5819331320415613,-0.7106787019795633
1.0,0.0,-0.2849782899567692,0.47975464699320214,-0.7150217100432308,-0.47975464699320214
1.0,0.0,-0.4768906438687229,0.2913079894915786,-0.5231093561312772,-0.2913079894915786
1.0,0.0,-0.1255919521102909,0.16595023694026728,-0.8744080478897092,-0.16595023694026728
1.0,0.0,-0.3581047062729014,0.17371652114680447,-0.6418952937270985,-0.17371652114680447
1.0,0.0,-0.2993580130806748,0.04161919200355297,-0.7006419869193252,-0.04161919200355297
1.0,0.0,-0.07138880326742958,0.03413389272874594,-0.9286111967325704,-0.03413389272874594
1.0,0.0,-0.1609767733588902,0.001939555085289361,-0.8390232266411097,-0.001939555085289361
1.0,0.0,-0.2397669524230932,0.5534712921615931,-0.7602330475769068,-0.5534712921615931
1.0,0.0,-0.10029624277631816,0.125431109629642,-0.8997037572236819,-0.125431109629642
1.0,0.0,-0.03043945693252781,0.02793221625711416,-0.9695605430674722,-0.02793221625711416
1.0,0.0,-0.1570015941089684,0.40646740137492465,-0.8429984058910316,-0.40646740137492465
1.0,0.0,-0.011108564925713882,0.018634424596681385,-0.9888914350742861,-0.018634424596681385
1.0,0.0,-0.22891981728744576,0.24066017524737995,-0.7710801827125542,-0.24066017524737995
1.0,0.0,-0.36502878266302885,0.03506429799465553,-0.6349712173369711,-0.03506429799465553
1.0,0.0,-0.2996811628927301,0.4940693096181522,-0.7003188371072699,-0.4940693096181522
1.0,0.0,-0.09423006836308308,0.5846849416225868,-0.9057699316369169,-0.5846849416225868
1.0,0.0,-0.2081752160895804,0.30215995001432167,-0.7918247839104195,-0.30215995001432167
1.0,0.0,-0.0504415409893993,0.546845343091368,-0.9495584590106007,-0.546845343091368
1.0,0.0,-0.047253262893572734,0.024000077441638314,-0.9527467371064273,-0.024000077441638314
1.0,0.0,-0.40150503783171776,0.021779721397926038,-0.5984949621682822,-0.021779721397926038
1.0,0.0,-0.0027559043285960705,0.003818505210828352,-0.9972440956714039,-0.003818505210828352
1.0,0.0,-0.05862797607402587,0.07089902618433534,-0.9413720239259742,-0.07089902618433534
1.0,0.0,-0.012586639360498197,0.009611057746730163,-0.9874133606395018,-0.009611057746730163
1.0,0.0,-0.003005459511809194,0.024529378050015916,-0.9969945404881908,-0.024529378050015916
1.0,0.0,-0.1673534299879465,0.23925573280311277,-0.8326465700120536,-0.23925573280311277
1.0,0.0,-0.16584624773981843,0.2939979183280399,-0.8341537522601816,-0.2939979183280399
1.0,0.0,-0.1154484903712581,0.07610229607592776,-0.884551509628742,-0.07610229607592776
1.0,0.0,-0.3132957143732609,0.23617767272447038,-0.6867042856267391,-0.23617767272447038
1.0,0.0,-0.30908241583692364,0.1007114466201953,-0.6909175841630764,-0.1007114466201953
1.0,0.0,-0.30656327943377,0.4700442428910891,-0.69343672056623,-0.4700442428910891
1.0,0.0,-0.029956223386360725,0.03988173519474672,-0.9700437766136393,-0.03988173519474672
1.0,0.0,-0.35462297747530175,0.48571844808780457,-0.6453770225246982,-0.48571844808780457
1.0,0.0,-0.3595596556793409,0.24904231419094577,-0.6404403443206591,-0.24904231419094577
1.0,0.0,-0.4263424364001931,0.517479180817665,-0.5736575635998069,-0.517479180817665
1.0,0.0,-0.011815102375427227,0.806344357396567,-0.9881848976245727,-0.806344357396567
1.0,0.0,-0.057663474175670366,0.7266157099843096,-0.9423365258243296,-0.7266157099843096
1.0,0.0,-0.45700950125284134,0.144980287690051,-0.5429904987471587,-0.144980287690051
1.0,0.0,-0.06681091721450808,0.5959227951838583,-0.933189082785492,-0.5959227951838583
1.0,0.0,-0.039197880081008114,0.08646273214872324,-0.9608021199189919,-0.08646273214872324
1.0,0.0,-0.40122421606482495,0.4504905022626337,-0.598775783935175,-0.4504905022626337
1.0,0.0,-0.136597038214408,0.007336452868774279,-0.8634029617855921,-0.007336452868774279
1.0,0.0,-0.33288673405973457,0.116102764880729,-0.6671132659402654,-0.116102764880729
1.0,0.0,-0.030851141139651612,0.14923272732195336,-0.9691488588603484,-0.14923272732195336
1.0,0.0,-0.3030371803086703,0.37298493652950376,-0.6969628196913298,-0.37298493652950376
1.0,0.0,-0.04130376359413118,0.06175884923526859,-0.9586962364058689,-0.06175884923526859
1.0,0.0,-0.14915118754067608,0.2462298085714865,-0.8508488124593239,-0.2462298085714865
1.0,0.0,-0.05412793131543736,0.09333196301446142,-0.9458720686845626,-0.09333196301446142
1.0,0.0,-0.027601011494406524,0.014237645929815128,-0.9723989885055935,-0.014237645929815128
1.0,0.0,-0.044043169395975246,0.03323916667711967,-0.9559568306040247,-0.03323916667711967
1.0,0.0,-0.21057146736483917,0.34764290918144714,-0.7894285326351609,-0.34764290918144714
1.0,0.0,-0.15351793017698945,0.16399077301771597,-0.8464820698230106,-0.16399077301771597
1.0,0.0,-0.2187210566811602,0.3222738156422893,-0.7812789433188398,-0.3222738156422893
1.0,0.0,-0.37585198007702414,0.5120277178126896,-0.6241480199229759,-0.5120277178126896
1.0,0.0,-0.16302098042251684,0.038662624946854386,-0.8369790195774831,-0.038662624946854386
1.0,0.0,-0.32506586803159593,0.2902091885321367,-0.6749341319684041,-0.2902091885321367
1.0,0.0,-0.26515377569204146,0.07137156294771585,-0.7348462243079585,-0.07137156294771585
1.0,0.0,-0.23117858419869075,0.1008276674793434,-0.7688214158013092,-0.1008276674793434
1.0,0.0,-0.4053090299285657,0.47322557915214813,-0.5946909700714342,-0.47322557915214813
1.0,0.0,-0.002856508614883535,0.02560788337185744,-0.9971434913851165,-0.02560788337185744
1.0,0.0,-0.49054897241288115,0.7548077092078177,-0.5094510275871189,-0.7548077092078177
1.0,0.0,-0.11269316371109042,0.44031704023897467,-0.8873068362889096,-0.44031704023897467
1.0,0.0,-0.4221811476189652,0.7697888269119935,-0.5778188523810348,-0.7697888269119935
1.0,0.0,-0.1768484751416931,0.16279812254929918,-0.8231515248583069,-0.16279812254929918
1.0,0.0,-0.08321186448647527,0.10396013725439948,-0.9167881355135248,-0.10396013725439948
1.0,0.0,-0.26810725112932143,0.922836771364817,-0.7318927488706786,-0.922836771364817
1.0,0.0,-0.34281076263704807,0.34464347774258575,-0.657189237362952,-0.34464347774258575
1.0,0.0,-0.3761315159553662,0.4571194770527571,-0.6238684840446338,-0.4571194770527571
1.0,0.0,-0.025093245954758543,0.3865552260439551,-0.9749067540452414,-0.3865552260439551
1.0,0.0,-0.03601313237644433,0.12045285392083308,-0.9639868676235557,-0.12045285392083308
1.0,0.0,-0.012680333732688688,0.08499397217919068,-0.9873196662673113,-0.08499397217919068
1.0,0.0,-0.08181415231810514,0.2478277946719224,-0.9181858476818948,-0.2478277946719224
1.0,0.0,-0.46640351417783216,0.8469400460569143,-0.5335964858221678,-0.8469400460569143
1.0,0.0,-0.10574466134249595,0.6386171529042561,-0.8942553386575041,-0.6386171529042561
1.0,0.0,-0.487109560745055,0.7399910503693258,-0.5128904392549449,-0.7399910503693258
1.0,0.0,-0.3953536850692953,0.8735241409639262,-0.6046463149307046,-0.8735241409639262
1.0,0.0,-0.31625156340419885,0.46700453346869686,-0.6837484365958011,-0.46700453346869686
1.0,0.0,-0.07810611436850255,0.6392017570887681,-0.9218938856314974,-0.6392017570887681
1.0,0.0,-0.020796958924755405,0.6362053651644176,-0.9792030410752446,-0.6362053651644176
1.0,0.0,-0.052872737522768186,0.16765550241874785,-0.9471272624772318,-0.16765550241874785
1.0,0.0,-0.16045057934553195,0.5127730027134741,-0.839549420654468,-0.5127730027134741
1.0,0.0,-0.08312152839633437,0.7617242511777289,-0.9168784716036656,-0.7617242511777289
1.0,0.0,-0.33755869051053317,0.3985124278053791,-0.6624413094894668,-0.3985124278053791
1.0,0.0,-0.16050406045283921,0.16688919572646055,-0.8394959395471608,-0.16688919572646055
1.0,0.0,-0.03227407985507891,0.06228736321597728,-0.9677259201449211,-0.06228736321597728
1.0,0.0,-0.2885375442014237,0.5281999792121639,-0.7114624557985763,-0.5281999792121639
1.0,0.0,-0.4165944424826979,0.5205276177098921,-0.583405557517302,-0.5205276177098921
1.0,0.0,-0.01386351701852593,0.041470441546914545,-0.986136482981474,-0.041470441546914545
1.0,0.0,-0.2401720772694944,0.22183956122227422,-0.7598279227305056,-0.22183956122227422
1.0,0.0,-0.0044092666481378995,0.0063931015594856444,-0.9955907333518621,-0.0063931015594856444
1.0,0.0,-0.1729704623265615,0.11930649296467033,-0.8270295376734385,-0.11930649296467033
1.0,0.0,-0.260676970129358,0.11841931527010287,-0.739323029870642,-0.11841931527010287
1.0,0.0,-0.3385891177699685,0.20366533022326555,-0.6614108822300315,-0.20366533022326555
1.0,0.0,-0.26940413547004033,0.4520319440977385,-0.7305958645299597,-0.4520319440977385
1.0,0.0,-0.012557449774559082,0.016030650622973625,-0.9874425502254409,-0.016030650622973625
1.0,0.0,-0.14077742420064543,0.23249631005650803,-0.8592225757993546,-0.23249631005650803
1.0,0.0,-0.3805786539934969,0.16528506802304907,-0.6194213460065031,-0.16528506802304907
1.0,0.0,-0.06358495900139094,0.08943457217278966,-0.9364150409986091,-0.08943457217278966
1.0,0.0,-0.07572760828054176,0.0409719868706287,-0.9242723917194582,-0.0409719868706287
1.0,0.0,-0.30642623938532837,0.45797751937392944,-0.6935737606146717,-0.45797751937392944
1.0,0.0,-0.14136863556124152,0.06186789348601997,-0.8586313644387584,-0.06186789348601997
1.0,0.0,-0.32959636568674294,0.1955370751036441,-0.6704036343132571,-0.1955370751036441
1.0,0.0,-0.217089682089008,0.9088921359436993,-0.782910317910992,-0.9088921359436993
1.0,0.0,-0.30150068748412095,0.13663562603342294,-0.698499312515879,-0.13663562603342294
1.0,0.0,-0.045528152491916773,0.0672049624663986,-0.9544718475080832,-0.0672049624663986
1.0,0.0,-0.06597539078303993,0.0752437963817817,-0.9340246092169601,-0.0752437963817817
1.0,0.0,-0.012371408969442197,0.3708666177353258,-0.9876285910305578,-0.3708666177353258
1.0,0.0,-0.015521158026735538,0.0002485415135700234,-0.9844788419732644,-0.0002485415135700234
1.0,0.0,-0.37687319210414627,0.45906747806331505,-0.6231268078958537,-0.45906747806331505
1.0,0.0,-0.3521914232403924,0.47515506209983427,-0.6478085767596076,-0.47515506209983427
1.0,0.0,-0.01350702379484564,0.007894730846792021,-0.9864929762051544,-0.007894730846792021
1.0,0.0,-0.16581612581766375,0.3417710105328858,-0.8341838741823362,-0.3417710105328858
1.0,0.0,-0.32826648383889995,0.21416181289944825,-0.6717335161611,-0.21416181289944825
1.0,0.0,-0.14432807525917615,0.40061906843595896,-0.8556719247408239,-0.40061906843595896
1.0,0.0,-0.17833792459101996,0.539971620876634,-0.8216620754089801,-0.539971620876634
1.0,0.0,-0.12196526744839575,0.06802131760232058,-0.8780347325516042,-0.06802131760232058
1.0,0.0,-0.20231608156719477,0.0732323680818636,-0.7976839184328053,-0.0732323680818636
1.0,0.0,-0.1378518151720437,0.13428459053843092,-0.8621481848279563,-0.13428459053843092
1.0,0.0,-0.15816574174078946,0.22031048832824032,-0.8418342582592105,-0.22031048832824032
1.0,0.0,-0.06366082562594809,0.3688901940595799,-0.9363391743740519,-0.3688901940595799
1.0,0.0,-0.3222812431809379,0.5426648593960516,-0.6777187568190621,-0.5426648593960516
1.0,0.0,-0.19097498215512176,0.32321309062421716,-0.8090250178448782,-0.32321309062421716
1.0,0.0,-0.3728389990629889,0.19380836722206402,-0.6271610009370111,-0.19380836722206402
1.0,0.0,-0.2619492617711413,0.3765720007995499,-0.7380507382288587,-0.3765720007995499
1.0,0.0,-0.44929019614430316,0.7265563046750995,-0.5507098038556968,-0.7265563046750995
1.0,0.0,-0.38304680201080754,0.015188563614716244,-0.6169531979891925,-0.015188563614716244
1.0,0.0,-0.005280530140522767,0.7141374482046642,-0.9947194698594772,-0.7141374482046642
1.0,0.0,-0.42756684685007096,0.4352698968529491,-0.572433153149929,-0.4352698968529491
1.0,0.0,-0.30093462281742894,0.03361125013825742,-0.699065377182571,-0.03361125013825742
1.0,0.0,-0.2209877803358239,0.35821770809363995,-0.7790122196641761,-0.35821770809363995
1.0,0.0,-0.4735136120139555,0.5435615647784443,-0.5264863879860445,-0.5435615647784443
1.0,0.0,-0.07883092864960456,0.48330970582342975,-0.9211690713503955,-0.48330970582342975
1.0,0.0,-0.2861521606809436,0.1817998903921326,-0.7138478393190564,-0.1817998903921326
1.0,0.0,-0.013383448256594566,0.02745066748168702,-0.9866165517434055,-0.02745066748168702
1.0,0.0,-0.2759328459230131,0.23559133785169653,-0.724067154076987,-0.23559133785169653
1.0,0.0,-0.4574141698937061,0.37559955703140374,-0.5425858301062939,-0.37559955703140374
1.0,0.0,-0.1041109896518863,0.650955977514869,-0.8958890103481137,-0.650955977514869
1.0,0.0,-0.2061347323148381,0.12211613223179618,-0.7938652676851619,-0.12211613223179618
1.0,0.0,-0.07137964381136708,0.11472608213149818,-0.9286203561886329,-0.11472608213149818
1.0,0.0,-0.08475231158660207,0.007277647466691617,-0.915247688413398,-0.007277647466691617
1.0,0.0,-0.24572674563735586,0.27939812785847545,-0.7542732543626441,-0.27939812785847545
1.0,0.0,-0.04339210025824619,0.007992525116549982,-0.9566078997417538,-0.007992525116549982
1.0,0.0,-0.14943308998235183,0.06170394811779917,-0.8505669100176482,-0.06170394811779917
1.0,0.0,-0.0989667437278931,0.14852311696575857,-0.9010332562721068,-0.14852311696575857
1.0,0.0,-0.05725644480084827,0.25702125285920163,-0.9427435551991518,-0.25702125285920163
1.0,0.0,-0.3890399290187127,0.6246094629121858,-0.6109600709812872,-0.6246094629121858
1.0,0.0,-0.17144073006346094,0.6194540816909009,-0.8285592699365391,-0.6194540816909009
1.0,0.0,-0.030361134687811795,0.18262159397814084,-0.9696388653121882,-0.18262159397814084
1.0,0.0,-0.3449719862523914,0.7187058751980294,-0.6550280137476086,-0.7187058751980294
1.0,0.0,-0.0849128583658551,0.10483806593216215,-0.9150871416341448,-0.10483806593216215
1.0,0.0,-0.23771418019374124,0.3381371611615154,-0.7622858198062588,-0.3381371611615154
1.0,0.0,-0.3910198600130883,0.31095220750202024,-0.6089801399869117,-0.31095220750202024
1.0,0.0,-0.31496933217632617,0.036423852370338086,-0.6850306678236738,-0.036423852370338086
1.0,0.0,-0.199289866049975,0.21855248042254688,-0.800710133950025,-0.21855248042254688
1.0,0.0,-0.010118536774472275,0.016585595952337887,-0.9898814632255277,-0.016585595952337887
1.0,0.0,-0.2089945078108812,0.34865299537650835,-0.7910054921891188,-0.34865299537650835
1.0,0.0,-0.06714764003818453,0.9474499351010842,-0.9328523599618155,-0.9474499351010842
1.0,0.0,-0.17185258587874072,0.9151434017674756,-0.8281474141212593,-0.9151434017674756
1.0,0.0,-0.04042795004862003,0.4882583315310504,-0.95957204995138,-0.4882583315310504
1.0,0.0,-0.2514139686680022,0.13356447833232232,-0.7485860313319979,-0.13356447833232232
1.0,0.0,-0.006616777533688056,0.004054694870566234,-0.9933832224663119,-0.004054694870566234
1.0,0.0,-0.27989721998134603,0.44271930326929126,-0.7201027800186539,-0.44271930326929126
1.0,0.0,-0.10379995372883283,0.11289983550603155,-0.8962000462711672,-0.11289983550603155
1.0,0.0,-0.1282738835626111,0.017559395114361616,-0.8717261164373888,-0.017559395114361616
1.0,0.0,-0.2113951013795426,0.2768299827431533,-0.7886048986204575,-0.2768299827431533
1.0,0.0,-0.009435528256337101,0.36429777005073893,-0.9905644717436629,-0.36429777005073893
1.0,0.0,-0.018571967664595394,0.5221562998519557,-0.9814280323354047,-0.5221562998519557
1.0,0.0,-0.12238898777644325,0.1595014356171427,-0.8776110122235568,-0.1595014356171427
1.0,0.0,-0.4223508245148393,0.6397482666790467,-0.5776491754851607,-0.6397482666790467
1.0,0.0,-0.026028318746341966,0.8881636727016349,-0.9739716812536581,-0.8881636727016349
1.0,0.0,-0.1483826147599609,0.5131706352128224,-0.851617385240039,-0.5131706352128224
1.0,0.0,-0.07773358628974492,0.12539981077397216,-0.9222664137102551,-0.12539981077397216
1.0,0.0,-0.29437789278566445,0.5057560893606192,-0.7056221072143356,-0.5057560893606192
1.0,0.0,-0.23299618976050007,0.26230392218260523,-0.7670038102394999,-0.26230392218260523
1.0,0.0,-0.25544124481524405,0.6588724917701353,-0.7445587551847559,-0.6588724917701353
1.0,0.0,-0.01815060869391576,0.17642598656788355,-0.9818493913060843,-0.17642598656788355
1.0,0.0,-0.11699771823586903,0.29316935219891765,-0.883002281764131,-0.29316935219891765
1.0,0.0,-0.317091163525606,0.2592359503510601,-0.682908836474394,-0.2592359503510601
1.0,0.0,-0.08931983982034207,0.3824044683297856,-0.9106801601796579,-0.3824044683297856
1.0,0.0,-0.4449072736358188,0.24276912506720952,-0.5550927263641812,-0.24276912506720952
1.0,0.0,-0.1472254149379621,0.5456889661413965,-0.8527745850620378,-0.5456889661413965
1.0,0.0,-0.25665658301542854,0.4103929380886822,-0.7433434169845714,-0.4103929380886822
1.0,0.0,-0.23439868762258192,0.34651097973133255,-0.7656013123774181,-0.34651097973133255
1.0,0.0,-0.3489934022418029,0.4095002092736137,-0.6510065977581971,-0.4095002092736137
1.0,0.0,-0.05882624316500845,0.08543320725217944,-0.9411737568349916,-0.08543320725217944
1.0,0.0,-0.10673716095872199,0.10549643741924972,-0.893262839041278,-0.10549643741924972
1.0,0.0,-0.18056170532808016,0.39342597840735505,-0.8194382946719199,-0.39342597840735505
1.0,0.0,-0.12241060025336475,0.08609191213809261,-0.8775893997466353,-0.08609191213809261
1.0,0.0,-0.1456645894108366,0.19665779735744282,-0.8543354105891634,-0.19665779735744282
1.0,0.0,-0.15836204545891616,0.6606417627157549,-0.8416379545410838,-0.6606417627157549
1.0,0.0,-0.2468263639212066,0.22658422153704783,-0.7531736360787934,-0.22658422153704783
1.0,0.0,-0.301828701862392,0.09767724381611337,-0.698171298137608,-0.09767724381611337
1.0,0.0,-0.27442357412732127,0.43568360525119865,-0.7255764258726787,-0.43568360525119865
1.0,0.0,-0.4060339432370836,0.5409484144994564,-0.5939660567629164,-0.5409484144994564
1.0,0.0,-0.30805426614141607,0.8774476548773686,-0.6919457338585839,-0.8774476548773686
1.0,0.0,-0.08166462593608925,0.05679904918174868,-0.9183353740639107,-0.05679904918174868
1.0,0.0,-0.47438176116893943,0.21012375475841716,-0.5256182388310606,-0.21012375475841716
1.0,0.0,-0.4330176533502038,0.7101188095379058,-0.5669823466497962,-0.7101188095379058
1.0,0.0,-0.013948230276403795,0.013964532479710455,-0.9860517697235962,-0.013964532479710455
1.0,0.0,-0.13123964429015725,0.3836611811914379,-0.8687603557098428,-0.3836611811914379
1.0,0.0,-0.22060994679586038,0.24770645557834012,-0.7793900532041396,-0.24770645557834012
1.0,0.0,-0.3661159962842768,0.5920633623261757,-0.6338840037157232,-0.5920633623261757
1.0,0.0,-0.06928528788074778,0.22525262519650036,-0.9307147121192523,-0.22525262519650036
1.0,0.0,-0.04596924129639235,0.022143039758260683,-0.9540307587036077,-0.022143039758260683
1.0,0.0,-0.053795756581046905,0.05933103262565614,-0.946204243418953,-0.05933103262565614
1.0,0.0,-0.1406498043937054,0.25993423656750053,-0.8593501956062946,-0.25993423656750053
1.0,0.0,-0.4260525926724394,0.14472568944156766,-0.5739474073275606,-0.14472568944156766
1.0,0.0,-0.23395792456217518,0.28041010983623305,-0.7660420754378248,-0.28041010983623305
1.0,0.0,-0.21032659268375636,0.5373591928271811,-0.7896734073162437,-0.5373591928271811
1.0,0.0,-0.25557222254338985,0.8574765939834579,-0.7444277774566102,-0.8574765939834579
1.0,0.0,-0.07951197637580604,0.09747637050815217,-0.9204880236241939,-0.09747637050815217
1.0,0.0,-0.29734117876557353,0.3986637441387906,-0.7026588212344265,-0.3986637441387906
1.0,0.0,-0.4247361110314647,0.7065934066166871,-0.5752638889685353,-0.7065934066166871
1.0,0.0,-0.4573115850544319,0.2564130281814007,-0.5426884149455681,-0.2564130281814007
1.0,0.0,-0.3246805367423355,0.8473978070236755,-0.6753194632576645,-0.8473978070236755
1.0,0.0,-0.2649369944326695,0.7631982462858277,-0.7350630055673305,-0.7631982462858277
1.0,0.0,-0.1369455081894603,0.28624916576338827,-0.8630544918105397,-0.28624916576338827
1.0,0.0,-0.0366116682642576,0.007665388209872639,-0.9633883317357423,-0.007665388209872639
1.0,0.0,-0.30229979688234637,0.665920100231149,-0.6977002031176536,-0.665920100231149
1.0,0.0,-0.43536509573584165,0.3057264316992466,-0.5646349042641583,-0.3057264316992466
1.0,0.0,-0.04969327599385205,0.49698943924503935,-0.9503067240061479,-0.49698943924503935
1.0,0.0,-0.46315416266855236,0.22253214183202844,-0.5368458373314476,-0.22253214183202844
1.0,0.0,-0.2988931144308292,0.5115196097753566,-0.7011068855691708,-0.5115196097753566
1.0,0.0,-0.11568888951890005,0.11309462044289359,-0.8843111104810999,-0.11309462044289359
1.0,0.0,-0.14017328478520746,0.0831836716767357,-0.8598267152147925,-0.0831836716767357
1.0,0.0,-0.12459541146540465,0.1196574115612353,-0.8754045885345954,-0.1196574115612353
1.0,0.0,-0.4862994115029038,0.3290900774488269,-0.5137005884970962,-0.3290900774488269
1.0,0.0,-0.10850536886525486,0.12899156471317386,-0.8914946311347451,-0.12899156471317386
1.0,0.0,-0.12680307752424796,0.18596993052961147,-0.8731969224757521,-0.18596993052961147
1.0,0.0,-0.05835096187575861,0.41255036220337915,-0.9416490381242414,-0.41255036220337915
1.0,0.0,-0.0825098351003467,0.019337531140655104,-0.9174901648996533,-0.019337531140655104
1.0,0.0,-0.0912778640915117,0.33988032658027056,-0.9087221359084883,-0.33988032658027056
1.0,0.0,-0.3533167166392748,0.6923686734892172,-0.6466832833607252,-0.6923686734892172
1.0,0.0,-0.4222477171788376,0.15252135679306447,-0.5777522828211624,-0.15252135679306447
1.0,0.0,-0.3361717105717263,0.5771786919285729,-0.6638282894282737,-0.5771786919285729
1.0,0.0,-0.07106145269911245,0.9527859728404321,-0.9289385473008875,-0.9527859728404321
1.0,0.0,-0.04366441482552319,0.02780102325216492,-0.9563355851744768,-0.02780102325216492
1.0,0.0,-0.05619070767218426,0.01293972725341958,-0.9438092923278157,-0.01293972725341958
1.0,0.0,-0.433994162490075,0.015752295528615363,-0.5660058375099251,-0.015752295528615363
1.0,0.0,-0.36264753137205286,0.2827292564094064,-0.6373524686279471,-0.2827292564094064
1.0,0.0,-0.12638883972702253,0.07567243733339155,-0.8736111602729775,-0.07567243733339155
1.0,0.0,-0.31585745552856126,0.917834708172367,-0.6841425444714387,-0.917834708172367
1.0,0.0,-0.3603589303208921,0.56728089801038,-0.6396410696791079,-0.56728089801038
1.0,0.0,-0.1573818640904632,0.34179785951375213,-0.8426181359095368,-0.34179785951375213
1.0,0.0,-0.22759167860931268,0.2902372007803143,-0.7724083213906874,-0.2902372007803143
1.0,0.0,-0.143646706909613,0.0884847872067285,-0.856353293090387,-0.0884847872067285
1.0,0.0,-0.19888225495662304,0.92257121771489,-0.801117745043377,-0.92257121771489
1.0,0.0,-0.22156159146626825,0.2607570569277741,-0.7784384085337317,-0.2607570569277741
1.0,0.0,-0.2540372834072169,0.006931639931294703,-0.7459627165927831,-0.006931639931294703
1.0,0.0,-0.20672449489201106,0.33880767670303513,-0.7932755051079889,-0.33880767670303513
1.0,0.0,-0.10223194562236138,0.0394858489454136,-0.8977680543776386,-0.0394858489454136
1.0,0.0,-0.27796236523963513,0.34936172689000633,-0.7220376347603649,-0.34936172689000633
1.0,0.0,-0.05840519933752558,0.7061048619134408,-0.9415948006624744,-0.7061048619134408
1.0,0.0,-0.43918538141784824,0.439369357726512,-0.5608146185821518,-0.439369357726512
1.0,0.0,-0.3679611665659289,0.42860924759864666,-0.6320388334340711,-0.42860924759864666
1.0,0.0,-0.016713484859026427,0.7241369603649643,-0.9832865151409735,-0.7241369603649643
1.0,0.0,-0.3607591695554957,0.842891667230718,-0.6392408304445043,-0.842891667230718
1.0,0.0,-0.30776531801072876,0.8496977642345654,-0.6922346819892713,-0.8496977642345654
1.0,0.0,-0.008077046672882632,0.040610714729840396,-0.9919229533271173,-0.040610714729840396
1.0,0.0,-0.0640738627821435,0.7112504697773016,-0.9359261372178564,-0.7112504697773016
1.0,0.0,-0.023033949123065445,0.026007191382099226,-0.9769660508769346,-0.026007191382099226
1.0,0.0,-0.40495723029316505,0.0893848313065896,-0.595042769706835,-0.0893848313065896
1.0,0.0,-0.35548195659705056,0.4348927875566393,-0.6445180434029494,-0.4348927875566393
1.0,0.0,-0.47901426257163277,0.15372582978051622,-0.5209857374283673,-0.15372582978051622
1.0,0.0,-0.0023106005965097265,0.0007330744860398644,-0.9976893994034903,-0.0007330744860398644
1.0,0.0,-0.29637621123425145,0.5788504513572705,-0.7036237887657486,-0.5788504513572705
1.0,0.0,-0.21951431386839548,0.6448271851432689,-0.7804856861316045,-0.6448271851432689
1.0,0.0,-0.22772864811679067,0.3727188356587138,-0.7722713518832094,-0.3727188356587138
1.0,0.0,-0.10171951313457933,0.015523912910251087,-0.8982804868654206,-0.015523912910251087
1.0,0.0,-0.47387061778813294,0.42847591770341914,-0.5261293822118671,-0.42847591770341914
1.0,0.0,-0.4285766072722854,0.8453290052776377,-0.5714233927277146,-0.8453290052776377
1.0,0.0,-0.028604044939480933,0.014668658951696311,-0.9713959550605191,-0.014668658951696311
1.0,0.0,-0.004574164025524963,0.005230208206768112,-0.995425835974475,-0.005230208206768112
1.0,0.0,-0.3637001170452856,0.009041565366291702,-0.6362998829547144,-0.009041565366291702
1.0,0.0,-0.136020625278651,0.22431720328865654,-0.863979374721349,-0.22431720328865654
1.0,0.0,-0.05604692054974825,0.18233236626279628,-0.9439530794502518,-0.18233236626279628
1.0,0.0,-0.08584602061897112,0.090998315032242,-0.9141539793810289,-0.090998315032242
1.0,0.0,-0.3276973181761591,0.6284410603367808,-0.6723026818238409,-0.6284410603367808
1.0,0.0,-0.3011860260799315,0.45345393008952306,-0.6988139739200685,-0.45345393008952306
1.0,0.0,-0.10744139125746947,0.5060258145282857,-0.8925586087425306,-0.5060258145282857
1.0,0.0,-0.07902668956037222,0.3327423708822526,-0.9209733104396278,-0.3327423708822526
1.0,0.0,-0.4065349833239421,0.24039932690555424,-0.5934650166760579,-0.24039932690555424
1.0,0.0,-0.41017020506353785,0.3054609724250698,-0.5898297949364621,-0.3054609724250698
1.0,0.0,-0.06475004290247179,0.40024848730391616,-0.9352499570975282,-0.40024848730391616
1.0,0.0,-0.4190556106845796,0.7183846866754712,-0.5809443893154205,-0.7183846866754712
1.0,0.0,-0.13143818464463813,0.17071685951295454,-0.8685618153553618,-0.17071685951295454
1.0,0.0,-0.2666419074001883,0.1898850520090024,-0.7333580925998118,-0.1898850520090024
1.0,0.0,-0.25937188434501207,0.27471142775902363,-0.7406281156549879,-0.27471142775902363
1.0,0.0,-0.0805698602336572,0.41779031883490636,-0.9194301397663428,-0.41779031883490636
1.0,0.0,-0.13563916952579902,0.12172285445983012,-0.864360830474201,-0.12172285445983012
1.0,0.0,-0.021532554541039473,0.11353497064738322,-0.9784674454589606,-0.11353497064738322
1.0,0.0,-0.25645117550136554,0.1461430701199357,-0.7435488244986345,-0.1461430701199357
1.0,0.0,-0.07175266516093776,0.15673682799663224,-0.9282473348390623,-0.15673682799663224
1.0,0.0,-0.05885144183908693,0.4723738378633631,-0.941148558160913,-0.4723738378633631
1.0,0.0,-0.1524163416766967,0.03128944853365701,-0.8475836583233033,-0.03128944853365701
1.0,0.0,-0.000564274117996087,0.07016073469008387,-0.9994357258820039,-0.07016073469008387
1.0,0.0,-0.07823767425198909,0.6128090486413017,-0.9217623257480109,-0.6128090486413017
1.0,0.0,-0.3832743826846419,0.14944204933021726,-0.6167256173153581,-0.14944204933021726
1.0,0.0,-0.03278077404187616,0.9124041984279663,-0.9672192259581238,-0.9124041984279663
1.0,0.0,-0.3214003136392517,0.629200961734692,-0.6785996863607483,-0.629200961734692
1.0,0.0,-0.24879889417800094,0.404279113668588,-0.7512011058219991,-0.404279113668588
1.0,0.0,-0.004272863854404951,0.0004175424690955931,-0.995727136145595,-0.0004175424690955931
1.0,0.0,-0.014412574753747243,0.0026931727390436025,-0.9855874252462528,-0.0026931727390436025
1.0,0.0,-0.206653366870288,0.20908288223007873,-0.793346633129712,-0.20908288223007873
1.0,0.0,-0.33238894146496684,0.3629857641485845,-0.6676110585350332,-0.3629857641485845
1.0,0.0,-0.040472889497291,0.031246812901740265,-0.959527110502709,-0.031246812901740265
1.0,0.0,-0.1905365795451086,0.15475647706977858,-0.8094634204548914,-0.15475647706977858
1.0,0.0,-0.35080426659798897,0.09965152175871597,-0.6491957334020111,-0.09965152175871597
1.0,0.0,-0.09776043009874769,0.027083500843308926,-0.9022395699012523,-0.027083500843308926
1.0,0.0,-0.11321227153258073,0.05366957130279597,-0.8867877284674193,-0.05366957130279597
1.0,0.0,-0.03097108920187935,0.4269641432486812,-0.9690289107981207,-0.4269641432486812
1.0,0.0,-0.3232199823808807,0.12202691189198589,-0.6767800176191193,-0.12202691189198589
1.0,0.0,-0.009212803905521951,0.17721291246966117,-0.9907871960944781,-0.17721291246966117
1.0,0.0,-0.20890858286191913,0.7818421827399106,-0.7910914171380808,-0.7818421827399106
1.0,0.0,-0.005266259698670062,0.007681370766560251,-0.9947337403013299,-0.007681370766560251
1.0,0.0,-0.1638928761759853,0.1722448455645564,-0.8361071238240148,-0.1722448455645564
1.0,0.0,-0.3288907722658741,0.5616165299455066,-0.671109227734126,-0.5616165299455066
1.0,0.0,-0.10398843711301453,0.16804482457277511,-0.8960115628869855,-0.16804482457277511
1.0,0.0,-0.37340245761350493,0.5602932822558173,-0.6265975423864951,-0.5602932822558173
1.0,0.0,-0.010108970242073467,0.012396921636154858,-0.9898910297579265,-0.012396921636154858
1.0,0.0,-0.3014002213235827,0.7102450971737819,-0.6985997786764173,-0.7102450971737819
1.0,0.0,-0.131222940434282,0.21914056039969199,-0.868777059565718,-0.21914056039969199
1.0,0.0,-0.35612107426687234,0.4427049225394474,-0.6438789257331277,-0.4427049225394474
1.0,0.0,-0.206279982904841,0.9402036073155527,-0.793720017095159,-0.9402036073155527
1.0,0.0,-0.25542446700628857,0.17428523498181284,-0.7445755329937114,-0.17428523498181284
1.0,0.0,-0.18537870049195415,0.5454727617692559,-0.8146212995080458,-0.5454727617692559
1.0,0.0,-0.2851790266662436,0.12074636646193392,-0.7148209733337564,-0.12074636646193392
1.0,0.0,-0.1208929977766389,0.3593974174116729,-0.8791070022233611,-0.3593974174116729
1.0,0.0,-0.33384815061597034,0.16222548844948467,-0.6661518493840297,-0.16222548844948467
1.0,0.0,-0.28259421381149963,0.006890628504578696,-0.7174057861885004,-0.006890628504578696
1.0,0.0,-0.29370717742600716,0.24377719828696168,-0.7062928225739928,-0.24377719828696168
1.0,0.0,-0.20114682420721564,0.14898443874405845,-0.7988531757927844,-0.14898443874405845
1.0,0.0,-0.30503641065276815,0.5237774584650645,-0.6949635893472319,-0.5237774584650645
1.0,0.0,-0.3925298447092793,0.9065249567992253,-0.6074701552907207,-0.9065249567992253
1.0,0.0,-0.09768486576882873,0.03918939400513387,-0.9023151342311713,-0.03918939400513387
1.0,0.0,-0.39069066646365974,0.11448375262472825,-0.6093093335363402,-0.11448375262472825
1.0,0.0,-0.017284596225832415,0.09112884178988208,-0.9827154037741676,-0.09112884178988208
1.0,0.0,-0.25489597998215086,0.023808423371712933,-0.7451040200178491,-0.023808423371712933
1.0,0.0,-0.33583922498699237,0.29508071818093207,-0.6641607750130076,-0.29508071818093207
1.0,0.0,-0.11951181089781664,0.7172476776969013,-0.8804881891021834,-0.7172476776969013
1.0,0.0,-0.11906861355781793,0.899124248500339,-0.880931386442182,-0.899124248500339
1.0,0.0,-0.4715075996315916,0.7274281097504876,-0.5284924003684084,-0.7274281097504876
1.0,0.0,-0.18867444337265654,0.6343733237277024,-0.8113255566273434,-0.6343733237277024
1.0,0.0,-0.21817500476444562,0.8639007108315951,-0.7818249952355544,-0.8639007108315951
1.0,0.0,-0.008548878015552264,0.011320314495135299,-0.9914511219844477,-0.011320314495135299
1.0,0.0,-0.013345633539763146,0.013802378822582805,-0.9866543664602369,-0.013802378822582805
1.0,0.0,-0.028844199874428433,0.04772348690873848,-0.9711558001255716,-0.04772348690873848
1.0,0.0,-0.19465522036853516,0.5432517719940857,-0.8053447796314648,-0.5432517719940857
1.0,0.0,-0.26410538204855355,0.7389291411729314,-0.7358946179514465,-0.7389291411729314
1.0,0.0,-0.21280783650182605,0.006154538500755721,-0.787192163498174,-0.006154538500755721
1.0,0.0,-0.1962627878349108,0.17791377879228215,-0.8037372121650892,-0.17791377879228215
1.0,0.0,-0.18113560157337028,0.3210164068147417,-0.8188643984266297,-0.3210164068147417
1.0,0.0,-0.3209478004122469,0.767865487610114,-0.6790521995877531,-0.767865487610114
1.0,0.0,-0.07077289875400805,0.22729967556062433,-0.929227101245992,-0.22729967556062433
1.0,0.0,-0.005316512094750946,0.02393173033842911,-0.9946834879052491,-0.02393173033842911
1.0,0.0,-0.15888779104384126,0.024884584330573816,-0.8411122089561587,-0.024884584330573816
1.0,0.0,-0.057901342108779695,0.39895009860532016,-0.9420986578912203,-0.39895009860532016
1.0,0.0,-0.04898582471249655,0.11890673531637125,-0.9510141752875034,-0.11890673531637125
1.0,0.0,-0.09695357926994891,0.08303504345404926,-0.903046420730051,-0.08303504345404926
1.0,0.0,-0.41838243957276633,0.5762761828877626,-0.5816175604272337,-0.5762761828877626
1.0,0.0,-0.19280764621017255,0.12263933234230569,-0.8071923537898275,-0.12263933234230569
1.0,0.0,-0.16814569480677144,0.018590710844486488,-0.8318543051932286,-0.018590710844486488
1.0,0.0,-0.4529421999555609,0.4487137038305037,-0.547057800044439,-0.4487137038305037
1.0,0.0,-0.12890666287675406,0.03184570704411963,-0.8710933371232459,-0.03184570704411963
1.0,0.0,-0.4572741834267017,0.13082048316221312,-0.5427258165732983,-0.13082048316221312
1.0,0.0,-0.004064708727407328,0.7298298351187517,-0.9959352912725927,-0.7298298351187517
1.0,0.0,-0.1597392504408447,0.2435727847952754,-0.8402607495591553,-0.2435727847952754
1.0,0.0,-0.011787836143480543,0.030185115880720367,-0.9882121638565194,-0.030185115880720367
1.0,0.0,-0.2037364430156942,0.2617902776657904,-0.7962635569843057,-0.2617902776657904
1.0,0.0,-0.019532200832402428,0.11036240088583966,-0.9804677991675975,-0.11036240088583966
1.0,0.0,-0.29075938250535943,0.8288966586375902,-0.7092406174946406,-0.8288966586375902
1.0,0.0,-0.4751453190999707,0.7564164721358319,-0.5248546809000293,-0.7564164721358319
1.0,0.0,-0.06651546941153036,0.4287316811094279,-0.9334845305884696,-0.4287316811094279
1.0,0.0,-0.3020732300499758,0.6806500369832211,-0.6979267699500242,-0.6806500369832211
1.0,0.0,-0.2119612582299893,0.30386562873456413,-0.7880387417700108,-0.30386562873456413
1.0,0.0,-0.4916391176709818,0.19756631316545661,-0.5083608823290182,-0.19756631316545661
1.0,0.0,-0.18240180329683975,0.07485184428361263,-0.8175981967031603,-0.07485184428361263
1.0,0.0,-0.3481462805733438,0.48859959300387495,-0.6518537194266563,-0.48859959300387495
1.0,0.0,-0.3201374736484034,0.09648846026760605,-0.6798625263515966,-0.09648846026760605
1.0,0.0,-0.3416258813945863,0.19355706172023676,-0.6583741186054137,-0.19355706172023676
1.0,0.0,-0.46019570673352495,0.5821565448963227,-0.539804293266475,-0.5821565448963227
1.0,0.0,-0.327825599805678,0.7547987009136414,-0.672174400194322,-0.7547987009136414
1.0,0.0,-0.04261269699826142,0.010200886150649775,-0.9573873030017386,-0.010200886150649775
1.0,0.0,-0.15031253784352802,0.9573336971024087,-0.849687462156472,-0.9573336971024087
1.0,0.0,-0.22365839206216692,0.1859529169924425,-0.7763416079378331,-0.1859529169924425
1.0,0.0,-0.22963910649391328,0.39983199678039916,-0.7703608935060867,-0.39983199678039916
1.0,0.0,-0.16376768402723857,0.0569666951200991,-0.8362323159727614,-0.0569666951200991
1.0,0.0,-0.17969503543734686,0.5505916250576327,-0.8203049645626531,-0.5505916250576327
1.0,0.0,-0.07625195939006371,0.9675083518140107,-0.9237480406099363,-0.9675083518140107
1.0,0.0,-0.42227202802917924,0.6260909375358775,-0.5777279719708208,-0.6260909375358775
1.0,0.0,-0.04790112594639845,0.9560768576372247,-0.9520988740536016,-0.9560768576372247
1.0,0.0,-0.003426253648795811,0.20558817062142723,-0.9965737463512042,-0.20558817062142723
1.0,0.0,-0.045258411775167574,0.7045550366580535,-0.9547415882248325,-0.7045550366580535
1.0,0.0,-0.36399044548140574,0.5220309126818762,-0.6360095545185942,-0.5220309126818762
1.0,0.0,-0.006698897032782283,0.04894384851176908,-0.9933011029672177,-0.04894384851176908
1.0,0.0,-0.12551160554571444,0.12113555071209396,-0.8744883944542856,-0.12113555071209396
1.0,0.0,-0.29655208145325973,0.11865846685491507,-0.7034479185467403,-0.11865846685491507
1.0,0.0,-0.048969902803261425,0.4327633850925585,-0.9510300971967386,-0.4327633850925585
1.0,0.0,-0.4008129982610953,0.7048377818910833,-0.5991870017389047,-0.7048377818910833
1.0,0.0,-0.46741332735853547,0.4280156939164688,-0.5325866726414645,-0.4280156939164688
1.0,0.0,-0.24770796964366454,0.17464435890843194,-0.7522920303563354,-0.17464435890843194
1.0,0.0,-0.32621760557087265,0.8535803664370754,-0.6737823944291274,-0.8535803664370754
1.0,0.0,-0.4637111095242669,0.36563652043867073,-0.536288890475733,-0.36563652043867073
1.0,0.0,-0.0427658664519875,0.1603744615258748,-0.9572341335480125,-0.1603744615258748
1.0,0.0,-0.020574339592313272,0.3118877603053685,-0.9794256604076867,-0.3118877603053685
1.0,0.0,-0.45618303589109893,0.477740338666242,-0.543816964108901,-0.477740338666242
1.0,0.0,-0.33670749401861894,0.04044315937682787,-0.663292505981381,-0.04044315937682787
1.0,0.0,-0.09742217687039667,0.04984934914738307,-0.9025778231296033,-0.04984934914738307
1.0,0.0,-0.13328752900649513,0.32496087438710547,-0.8667124709935049,-0.32496087438710547
1.0,0.0,-0.4040938685839443,0.4717072590479324,-0.5959061314160556,-0.4717072590479324
1.0,0.0,-0.29589341190924145,0.4816869723771128,-0.7041065880907585,-0.4816869723771128
1.0,0.0,-0.1770331539776372,0.2758181399961642,-0.8229668460223628,-0.2758181399961642
1.0,0.0,-0.27887621461653495,0.3844299169788975,-0.7211237853834651,-0.3844299169788975
1.0,0.0,-0.04985213502203598,0.08845067087048364,-0.950147864977964,-0.08845067087048364
1.0,0.0,-0.006104693999199175,0.10902160654481347,-0.9938953060008008,-0.10902160654481347
1.0,0.0,-0.3604942377364696,0.232785682760137,-0.6395057622635304,-0.232785682760137
1.0,0.0,-0.08099246603939636,0.06490204579168923,-0.9190075339606036,-0.06490204579168923
1.0,0.0,-0.36865791067966774,0.6134449602349783,-0.6313420893203323,-0.6134449602349783
1.0,0.0,-0.3998239743449746,0.1052602324920401,-0.6001760256550255,-0.1052602324920401
1.0,0.0,-0.1909019429476917,0.8564433792533271,-0.8090980570523083,-0.8564433792533271
1.0,0.0,-0.17762523233272084,0.8946621944399865,-0.8223747676672791,-0.8946621944399865
1.0,0.0,-0.4211929048967417,0.6270628319134792,-0.5788070951032582,-0.6270628319134792
1.0,0.0,-0.2479473779031212,0.0006788946875120742,-0.7520526220968788,-0.0006788946875120742
1.0,0.0,-0.39393314985294714,0.14466200448359653,-0.6060668501470529,-0.14466200448359653
1.0,0.0,-0.49387686608136344,0.7008858428346191,-0.5061231339186365,-0.7008858428346191
1.0,0.0,-0.3303064948368595,0.23721253641417775,-0.6696935051631405,-0.23721253641417775
1.0,0.0,-0.10703514330694304,0.21152975447738853,-0.8929648566930569,-0.21152975447738853
1.0,0.0,-0.07913334351069913,0.4932625429927985,-0.9208666564893009,-0.4932625429927985
1.0,0.0,-0.05191363890421249,0.4365552800326635,-0.9480863610957875,-0.4365552800326635
1.0,0.0,-0.0632628074366612,0.5244390523521634,-0.9367371925633388,-0.5244390523521634
1.0,0.0,-0.300679618645497,0.5150347540078778,-0.699320381354503,-0.5150347540078778
1.0,0.0,-0.06166016186368749,0.20804872653472592,-0.9383398381363125,-0.20804872653472592
1.0,0.0,-0.44733565991589375,0.5259064356014196,-0.5526643400841063,-0.5259064356014196
1.0,0.0,-0.35172512040231424,0.35056169069926624,-0.6482748795976858,-0.35056169069926624
1.0,0.0,-0.05224362012299566,0.08641179645964134,-0.9477563798770043,-0.08641179645964134
1.0,0.0,-0.16182075081202468,0.2548726562751329,-0.8381792491879754,-0.2548726562751329
1.0,0.0,-0.4502290503000115,0.7686179199232757,-0.5497709496999885,-0.7686179199232757
1.0,0.0,-0.010715765026193022,0.02734381947207836,-0.989284234973807,-0.02734381947207836
1.0,0.0,-0.15505816110557136,0.265932760018363,-0.8449418388944286,-0.265932760018363
1.0,0.0,-0.26975198346902224,0.41236963748482547,-0.7302480165309777,-0.41236963748482547
1.0,0.0,-0.0761332853527183,0.11139752234401687,-0.9238667146472817,-0.11139752234401687
1.0,0.0,-0.3201521072167781,0.9109056506276663,-0.6798478927832219,-0.9109056506276663
1.0,0.0,-0.22361310427860442,0.12097587187821798,-0.7763868957213955,-0.12097587187821798
1.0,0.0,-0.04351817747441106,0.022834579538190933,-0.9564818225255889,-0.022834579538190933
1.0,0.0,-0.2814532750659232,0.20603839387523953,-0.7185467249340768,-0.20603839387523953
1.0,0.0,-0.20441006097177278,0.2645989552663315,-0.7955899390282273,-0.2645989552663315
1.0,0.0,-0.1081002085686949,0.006541262936766892,-0.8918997914313052,-0.006541262936766892
1.0,0.0,-0.15301213120854001,0.18736087489465783,-0.84698786879146,-0.18736087489465783
1.0,0.0,-0.05904696180139235,0.007156258441926425,-0.9409530381986076,-0.007156258441926425
1.0,0.0,-0.4698972316350428,0.3492665776665392,-0.5301027683649572,-0.3492665776665392
1.0,0.0,-0.21138726653322198,0.5782025979421835,-0.7886127334667781,-0.5782025979421835
1.0,0.0,-0.23936626395772242,0.3473724607782565,-0.7606337360422776,-0.3473724607782565
1.0,0.0,-0.15092142990260526,0.04955136685791761,-0.8490785700973947,-0.04955136685791761
1.0,0.0,-0.1965796353258098,0.3056606918987873,-0.8034203646741902,-0.3056606918987873
1.0,0.0,-0.26415586257942486,0.3390242038975955,-0.7358441374205751,-0.3390242038975955
1.0,0.0,-0.005241451916126255,0.3994651518192952,-0.9947585480838738,-0.3994651518192952
1.0,0.0,-0.07985636997708873,0.09728563388600896,-0.9201436300229113,-0.09728563388600896
1.0,0.0,-0.02611201056204005,0.27522018123016845,-0.97388798943796,-0.27522018123016845
1.0,0.0,-0.11250946625165587,0.14278991958482362,-0.8874905337483441,-0.14278991958482362
1.0,0.0,-0.05857737012119851,0.05682247835350952,-0.9414226298788015,-0.05682247835350952
1.0,0.0,-0.49988141405415326,0.6084940650231402,-0.5001185859458468,-0.6084940650231402
1.0,0.0,-0.434487457700079,0.30349365417149404,-0.565512542299921,-0.30349365417149404
1.0,0.0,-0.34758809524960077,0.151652724487722,-0.6524119047503992,-0.151652724487722
1.0,0.0,-0.3368624355470081,0.006105461244763822,-0.6631375644529919,-0.006105461244763822
1.0,0.0,-0.2216288276454776,0.20841630853816262,-0.7783711723545224,-0.20841630853816262
1.0,0.0,-0.2267576832007982,0.2406979658092997,-0.7732423167992017,-0.2406979658092997
1.0,0.0,-0.35621479866115296,0.6082427928652888,-0.643785201338847,-0.6082427928652888
1.0,0.0,-0.0905276835426866,0.7562732212111831,-0.9094723164573134,-0.7562732212111831
1.0,0.0,-0.20881135218075875,0.37128278960619215,-0.7911886478192413,-0.37128278960619215
1.0,0.0,-0.06767169881382568,0.060082881822101,-0.9323283011861743,-0.060082881822101
1.0,0.0,-0.1732163107845027,0.823061621181102,-0.8267836892154973,-0.823061621181102
1.0,0.0,-0.11112099931190206,0.050819717720068935,-0.888879000688098,-0.050819717720068935
1.0,0.0,-0.22996605976884826,0.28503057279959004,-0.7700339402311518,-0.28503057279959004
1.0,0.0,-0.4209201394045083,0.038981049608864476,-0.5790798605954917,-0.038981049608864476
1.0,0.0,-0.03310270520945269,0.03750852854367157,-0.9668972947905473,-0.03750852854367157
1.0,0.0,-0.4554695426656942,0.050045540886866816,-0.5445304573343057,-0.050045540886866816
1.0,0.0,-0.03834063889642858,0.044115377343455976,-0.9616593611035714,-0.044115377343455976
1.0,0.0,-0.27955726352577925,0.43764528383739104,-0.7204427364742207,-0.43764528383739104
1.0,0.0,-0.45712793258195156,0.05190963461745996,-0.5428720674180485,-0.05190963461745996
1.0,0.0,-0.0929866632445659,0.2642091808523632,-0.907013336755434,-0.2642091808523632
1.0,0.0,-0.2865926828203341,0.5834289709361163,-0.7134073171796659,-0.5834289709361163
1.0,0.0,-0.10057587018670588,0.09571350488997668,-0.8994241298132941,-0.09571350488997668
1.0,0.0,-0.32480353866351813,0.10467942108066286,-0.6751964613364818,-0.10467942108066286
1.0,0.0,-0.36750460161055454,0.2635349767904257,-0.6324953983894455,-0.2635349767904257
1.0,0.0,-0.22402839061932042,0.6555616744397087,-0.7759716093806796,-0.6555616744397087
1.0,0.0,-0.47770172286176615,0.6766780353689911,-0.5222982771382338,-0.6766780353689911
1.0,0.0,-0.04628587736503398,0.0056168477412253115,-0.953714122634966,-0.0056168477412253115
1.0,0.0,-0.22586699192143816,0.12703173044177438,-0.7741330080785618,-0.12703173044177438
1.0,0.0,-0.28205333304758295,0.8516061107316485,-0.717946666952417,-0.8516061107316485
1.0,0.0,-0.10593608153654367,0.26547699238362327,-0.8940639184634563,-0.26547699238362327
1.0,0.0,-0.3831620607720509,0.5793951047721198,-0.616837939227949,-0.5793951047721198
1.0,0.0,-0.13916295719451616,0.1591529261905716,-0.8608370428054839,-0.1591529261905716
1.0,0.0,-0.054357104912923095,0.6587482493747224,-0.9456428950870769,-0.6587482493747224
1.0,0.0,-0.08312669207378964,0.008345141651487288,-0.9168733079262104,-0.008345141651487288
1.0,0.0,-0.05627596386440248,0.0844159147383521,-0.9437240361355975,-0.0844159147383521
1.0,0.0,-0.17306765920156217,0.4148123421467087,-0.8269323407984378,-0.4148123421467087
1.0,0.0,-0.15795964779439378,0.3945445946518392,-0.8420403522056062,-0.3945445946518392
1.0,0.0,-0.27454570820686885,0.7381842538640144,-0.7254542917931311,-0.7381842538640144
1.0,0.0,-0.0895688411508971,0.6834828028894925,-0.9104311588491029,-0.6834828028894925
1.0,0.0,-0.27218412837539363,0.13228115295322046,-0.7278158716246064,-0.13228115295322046
1.0,0.0,-0.19484466572803066,0.06263083641009884,-0.8051553342719693,-0.06263083641009884
1.0,0.0,-0.07969545125985107,0.5124621799848541,-0.9203045487401489,-0.5124621799848541
1.0,0.0,-0.32344650079160653,0.1168247418799395,-0.6765534992083935,-0.1168247418799395
1.0,0.0,-0.030986323750931466,0.03273081691797609,-0.9690136762490685,-0.03273081691797609
1.0,0.0,-0.35268895420082624,0.25726448207791774,-0.6473110457991738,-0.25726448207791774
1.0,0.0,-0.17510561800618213,0.026656434021209,-0.8248943819938179,-0.026656434021209
1.0,0.0,-0.07859694599763756,0.06331518231844885,-0.9214030540023624,-0.06331518231844885
1.0,0.0,-0.48949760448757923,0.7235622243237169,-0.5105023955124208,-0.7235622243237169
1.0,0.0,-0.07646603144053155,0.13077390264139718,-0.9235339685594685,-0.13077390264139718
1.0,0.0,-0.3105025820044664,0.507440284016722,-0.6894974179955335,-0.507440284016722
1.0,0.0,-0.040057129278493454,0.2818970921373973,-0.9599428707215065,-0.2818970921373973
1.0,0.0,-0.40726939441095394,0.7285011023276542,-0.592730605589046,-0.7285011023276542
1.0,0.0,-0.02904103693862048,0.0016296998561826038,-0.9709589630613795,-0.0016296998561826038
1.0,0.0,-0.17863958857474377,0.007359148955951553,-0.8213604114252562,-0.007359148955951553
1.0,0.0,-0.18244920920313024,0.0972535755533031,-0.8175507907968698,-0.0972535755533031
1.0,0.0,-0.3351316615435173,0.3998260766376373,-0.6648683384564826,-0.3998260766376373
1.0,0.0,-0.015801283523874776,0.016914326933880938,-0.9841987164761252,-0.016914326933880938
1.0,0.0,-0.3655266701403857,0.221156795524935,-0.6344733298596144,-0.221156795524935
1.0,0.0,-0.3885678928547016,0.38113775947650214,-0.6114321071452984,-0.38113775947650214
1.0,0.0,-0.45864795766087363,0.24061972115425417,-0.5413520423391264,-0.24061972115425417
1.0,0.0,-0.4629976693066902,0.3124711905113665,-0.5370023306933098,-0.3124711905113665
1.0,0.0,-0.029880071331448013,0.8578654662173947,-0.970119928668552,-0.8578654662173947
1.0,0.0,-0.4798631611778811,0.6647416393991444,-0.5201368388221189,-0.6647416393991444
1.0,0.0,-0.2005803163163163,0.17194546580990053,-0.7994196836836838,-0.17194546580990053
1.0,0.0,-0.16207595084690235,0.08864079409512521,-0.8379240491530977,-0.08864079409512521
1.0,0.0,-0.22708564822977712,0.1815302282498118,-0.7729143517702228,-0.1815302282498118
1.0,0.0,-0.11214757515956257,0.4445641995097725,-0.8878524248404375,-0.4445641995097725
1.0,0.0,-0.049977922205234004,0.003976832101176568,-0.950022077794766,-0.003976832101176568
1.0,0.0,-0.06925166173613034,0.07983102254951574,-0.9307483382638697,-0.07983102254951574
1.0,0.0,-0.3755400430142233,0.5948455812349831,-0.6244599569857767,-0.5948455812349831
1.0,0.0,-0.040630470454905275,0.11840661450738038,-0.9593695295450947,-0.11840661450738038
1.0,0.0,-0.30003745660659265,0.7846458656218169,-0.6999625433934074,-0.7846458656218169
1.0,0.0,-0.3588499460155566,0.4889378571786264,-0.6411500539844435,-0.4889378571786264
1.0,0.0,-0.47368838681572845,0.031191130199218167,-0.5263116131842716,-0.031191130199218167
1.0,0.0,-0.4647719034457268,0.6772220853863913,-0.5352280965542733,-0.6772220853863913
1.0,0.0,-0.23270291779613728,0.3402021658568893,-0.7672970822038627,-0.3402021658568893
1.0,0.0,-0.016804161636260365,0.0568551269548228,-0.9831958383637396,-0.0568551269548228
1.0,0.0,-0.37497173165974773,0.5723429772431838,-0.6250282683402523,-0.5723429772431838
1.0,0.0,-0.0607536530098354,0.6234593270798238,-0.9392463469901646,-0.6234593270798238
1.0,0.0,-0.23986462040260786,0.0029795077507394395,-0.7601353795973922,-0.0029795077507394395
1.0,0.0,-0.060320943344231576,0.5200711192329271,-0.9396790566557685,-0.5200711192329271
1.0,0.0,-0.19838175395324065,0.2128601946780178,-0.8016182460467594,-0.2128601946780178
1.0,0.0,-0.03795491717528991,0.10416122594289118,-0.9620450828247101,-0.10416122594289118
1.0,0.0,-0.32053287094251254,0.29396542558799954,-0.6794671290574874,-0.29396542558799954
1.0,0.0,-0.01793998682989193,0.09881857718021529,-0.982060013170108,-0.09881857718021529
1.0,0.0,-0.4782235550680401,0.5682051379297299,-0.52177644493196,-0.5682051379297299
1.0,0.0,-0.4531317746315433,0.6387829922605728,-0.5468682253684567,-0.6387829922605728
1.0,0.0,-0.28132437170201974,0.34991244842856367,-0.7186756282979803,-0.34991244842856367
1.0,0.0,-0.4030853889930888,0.592310362055784,-0.5969146110069112,-0.592310362055784
1.0,0.0,-0.02476118172513464,0.0426492543347265,-0.9752388182748654,-0.0426492543347265
1.0,0.0,-0.031188582299191192,0.052029767414774525,-0.9688114177008088,-0.052029767414774525
1.0,0.0,-0.2165369844858846,0.8287010802951987,-0.7834630155141153,-0.8287010802951987
1.0,0.0,-0.4374695685128498,0.424900400997438,-0.5625304314871502,-0.424900400997438
1.0,0.0,-0.1501613839296939,0.37296887257268013,-0.8498386160703061,-0.37296887257268013
1.0,0.0,-0.05501488485625289,0.056929541360600355,-0.9449851151437472,-0.056929541360600355
1.0,0.0,-0.011184337933366928,0.40839009809619076,-0.9888156620666331,-0.40839009809619076
1.0,0.0,-0.045262915586721186,0.06826579188712506,-0.9547370844132788,-0.06826579188712506
1.0,0.0,-0.30093078423699077,0.28065164620996996,-0.6990692157630092,-0.28065164620996996
1.0,0.0,-0.2719236653620806,0.6952146833270586,-0.7280763346379193,-0.6952146833270586
1.0,0.0,-0.3941609051186197,0.4914176031735291,-0.6058390948813803,-0.4914176031735291
1.0,0.0,-0.3232769231797717,0.18078894023963687,-0.6767230768202284,-0.18078894023963687
1.0,0.0,-0.058128972936236034,0.05184613041392808,-0.941871027063764,-0.05184613041392808
1.0,0.0,-0.1910091870176337,0.2220196816248396,-0.8089908129823663,-0.2220196816248396
1.0,0.0,-0.20252733882958412,0.3317390753983396,-0.7974726611704159,-0.3317390753983396
1.0,0.0,-0.048738502930604055,0.06262649166100012,-0.951261497069396,-0.06262649166100012
1.0,0.0,-0.32212379287741433,0.4834984642539595,-0.6778762071225857,-0.4834984642539595
1.0,0.0,-0.18429843450984573,0.04198093755339665,-0.8157015654901543,-0.04198093755339665
1.0,0.0,-0.019480182539976576,0.021162205122650556,-0.9805198174600234,-0.021162205122650556
1.0,0.0,-0.0032686726151477897,0.07434330236561826,-0.9967313273848523,-0.07434330236561826
1.0,0.0,-0.08595417619349299,0.5969927615051467,-0.914045823806507,-0.5969927615051467
1.0,0.0,-0.4896849506882346,0.424860695173266,-0.5103150493117654,-0.424860695173266
1.0,0.0,-0.08921398771342404,0.69985287647117,-0.910786012286576,-0.69985287647117
1.0,0.0,-0.22632013155125505,0.8474190260854788,-0.7736798684487449,-0.8474190260854788
1.0,0.0,-0.10721855630521535,0.5137609568723844,-0.8927814436947846,-0.5137609568723844
1.0,0.0,-0.10201848876016903,0.23715298913502503,-0.8979815112398309,-0.23715298913502503
1.0,0.0,-0.4341805910360988,0.4829523175293394,-0.5658194089639013,-0.4829523175293394
1.0,0.0,-0.06585016548355747,0.4326257724990494,-0.9341498345164425,-0.4326257724990494
1.0,0.0,-0.12392295711463497,0.03397000795720112,-0.876077042885365,-0.03397000795720112
1.0,0.0,-0.15705084285025755,0.06868821205902614,-0.8429491571497425,-0.06868821205902614
1.0,0.0,-0.2864232908557135,0.48494526335246857,-0.7135767091442865,-0.48494526335246857
1.0,0.0,-0.3662224306777634,0.2748702534001859,-0.6337775693222366,-0.2748702534001859
1.0,0.0,-0.34420903393073077,0.3973154131928089,-0.6557909660692692,-0.3973154131928089
1.0,0.0,-0.3742859844422197,0.5535864419107795,-0.6257140155577803,-0.5535864419107795
1.0,0.0,-0.3738726715006193,0.0012033471757713203,-0.6261273284993807,-0.0012033471757713203
1.0,0.0,-0.2585484399804028,0.8085306156052106,-0.7414515600195972,-0.8085306156052106
1.0,0.0,-0.2422633914758035,0.1461327014975465,-0.7577366085241966,-0.1461327014975465
1.0,0.0,-0.2133284166200818,0.5381064916607365,-0.7866715833799182,-0.5381064916607365
1.0,0.0,-0.11628623252932663,0.13222447297297854,-0.8837137674706734,-0.13222447297297854
1.0,0.0,-0.2924997534708516,0.3388224462498754,-0.7075002465291484,-0.3388224462498754
1.0,0.0,-0.2428284430263687,0.41733086389124174,-0.7571715569736313,-0.41733086389124174
1.0,0.0,-0.2635747804077201,0.19068290514155906,-0.7364252195922799,-0.19068290514155906
1.0,0.0,-0.05127508291360587,0.20015436996599395,-0.9487249170863942,-0.20015436996599395
1.0,0.0,-0.3806562992907765,0.2591678147061912,-0.6193437007092235,-0.2591678147061912
1.0,0.0,-0.48208416388064546,0.8692634495187839,-0.5179158361193545,-0.8692634495187839
1.0,0.0,-0.18664377546011937,0.7366276078319265,-0.8133562245398807,-0.7366276078319265
1.0,0.0,-0.21544919582369557,0.8405891194693748,-0.7845508041763044,-0.8405891194693748
1.0,0.0,-0.0656013878143894,0.02772223093885182,-0.9343986121856106,-0.02772223093885182
1.0,0.0,-0.10003708471336153,0.10586309517820987,-0.8999629152866384,-0.10586309517820987
1.0,0.0,-0.142424601452904,0.5382733540008546,-0.857575398547096,-0.5382733540008546
1.0,0.0,-0.00978052117400724,0.06910501587932723,-0.9902194788259928,-0.06910501587932723
1.0,0.0,-0.3710438179347546,0.2799351724080888,-0.6289561820652454,-0.2799351724080888
1.0,0.0,-0.23065886539484864,0.013348534323390124,-0.7693411346051513,-0.013348534323390124
1.0,0.0,-0.028796860103745214,0.07884254266471256,-0.9712031398962548,-0.07884254266471256
1.0,0.0,-0.4255032678165759,0.6925406390077148,-0.5744967321834241,-0.6925406390077148
1.0,0.0,-0.04283900298532073,0.06802391735913442,-0.9571609970146793,-0.06802391735913442
1.0,0.0,-0.39368690558185404,0.4513692986993671,-0.606313094418146,-0.4513692986993671
1.0,0.0,-0.34893098436069353,0.8585152698577223,-0.6510690156393064,-0.8585152698577223
1.0,0.0,-0.07835449804105554,0.06490355961809344,-0.9216455019589445,-0.06490355961809344
1.0,0.0,-0.3269395754593836,0.499471781446324,-0.6730604245406164,-0.499471781446324
1.0,0.0,-0.4929941077291537,0.1935406948634569,-0.5070058922708462,-0.1935406948634569
1.0,0.0,-0.2601993622603475,0.18526135713725914,-0.7398006377396524,-0.18526135713725914
1.0,0.0,-0.19544736244645056,0.18579797622400115,-0.8045526375535494,-0.18579797622400115
1.0,0.0,-0.34278444451757256,0.0253147020388384,-0.6572155554824275,-0.0253147020388384
1.0,0.0,-0.24698910469829768,0.557160508967162,-0.7530108953017023,-0.557160508967162
1.0,0.0,-0.3158470528741554,0.31285839660067805,-0.6841529471258446,-0.31285839660067805
1.0,0.0,-0.48962770507279674,0.3454239628719438,-0.5103722949272033,-0.3454239628719438
1.0,0.0,-0.17752881240341578,0.37728214782237174,-0.8224711875965842,-0.37728214782237174
1.0,0.0,-0.43999144820208336,0.1353966297077481,-0.5600085517979166,-0.1353966297077481
1.0,0.0,-0.1627586055051486,0.23577095543423626,-0.8372413944948514,-0.23577095543423626
1.0,0.0,-0.25363750535379914,0.2953498707577489,-0.7463624946462009,-0.2953498707577489
1.0,0.0,-0.30378040488410196,0.09916068059139627,-0.696219595115898,-0.09916068059139627
1.0,0.0,-0.06842589718798059,0.11220639877722462,-0.9315741028120195,-0.11220639877722462
1.0,0.0,-0.3269595795581089,0.5664999625824945,-0.6730404204418912,-0.5664999625824945
1.0,0.0,-0.017186679352122647,0.007000944942853211,-0.9828133206478773,-0.007000944942853211
1.0,0.0,-0.21119390917193043,0.24424774690223774,-0.7888060908280696,-0.24424774690223774
1.0,0.0,-0.3738408636125516,0.1549550532074208,-0.6261591363874484,-0.1549550532074208
1.0,0.0,-0.1074798465825188,0.135443361972362,-0.8925201534174811,-0.135443361972362
1.0,0.0,-0.16698217303520763,0.172539257638935,-0.8330178269647923,-0.172539257638935
1.0,0.0,-0.1465793168469655,0.08826582865311124,-0.8534206831530344,-0.08826582865311124
1.0,0.0,-0.28723046226964505,0.9142775730299519,-0.7127695377303549,-0.9142775730299519
1.0,0.0,-0.24291304236423106,0.2856151177569673,-0.7570869576357689,-0.2856151177569673
1.0,0.0,-0.04219607829251476,0.06559013835261288,-0.9578039217074852,-0.06559013835261288
1.0,0.0,-0.2832870255961928,0.8868146165262872,-0.7167129744038072,-0.8868146165262872
1.0,0.0,-0.3903872851880103,0.5095623156997927,-0.6096127148119896,-0.5095623156997927
1.0,0.0,-0.4348823885584786,0.1903817296958358,-0.5651176114415214,-0.1903817296958358
1.0,0.0,-0.2535132871967472,0.26179168529337293,-0.7464867128032528,-0.26179168529337293
1.0,0.0,-0.15946874098405212,0.014131044032693975,-0.8405312590159479,-0.014131044032693975
1.0,0.0,-0.11718232791815392,0.014204308378476086,-0.8828176720818461,-0.014204308378476086
1.0,0.0,-0.28866956589189724,0.11903909209848362,-0.7113304341081028,-0.11903909209848362
1.0,0.0,-0.3714816561199345,0.5386878543891035,-0.6285183438800654,-0.5386878543891035
1.0,0.0,-0.4998965220638674,0.7900942514830624,-0.5001034779361326,-0.7900942514830624
1.0,0.0,-0.12098229268274985,0.475748196353168,-0.8790177073172502,-0.475748196353168
1.0,0.0,-0.07357887847363613,0.734870153753555,-0.9264211215263639,-0.734870153753555
1.0,0.0,-0.0967372178264941,0.9506179485962792,-0.9032627821735059,-0.9506179485962792
1.0,0.0,-0.08478722665830782,0.8139236340063987,-0.9152127733416922,-0.8139236340063987
1.0,0.0,-0.06899232392615814,0.5983220998755236,-0.9310076760738418,-0.5983220998755236
1.0,0.0,-0.28754076876295476,0.4619857600811749,-0.7124592312370452,-0.4619857600811749
1.0,0.0,-0.07773414169159659,0.003759314023825645,-0.9222658583084034,-0.003759314023825645
1.0,0.0,-0.3767438656289795,0.058317686666861664,-0.6232561343710206,-0.058317686666861664
1.0,0.0,-0.28560471510840146,0.852415616199579,-0.7143952848915985,-0.852415616199579
1.0,0.0,-0.08223791956779486,0.056483985591141705,-0.9177620804322051,-0.056483985591141705
1.0,0.0,-0.11930691675564287,0.18707363948058028,-0.8806930832443571,-0.18707363948058028
1.0,0.0,-0.23195097112501412,0.2635723131118518,-0.7680490288749859,-0.2635723131118518
1.0,0.0,-0.325451838559414,0.5430153990006756,-0.6745481614405859,-0.5430153990006756
1.0,0.0,-0.29228036486855163,0.40955655348909553,-0.7077196351314483,-0.40955655348909553
1.0,0.0,-0.1332211100078609,0.10672250621357865,-0.8667788899921391,-0.10672250621357865
1.0,0.0,-0.11370567850740564,0.2628999620311091,-0.8862943214925944,-0.2628999620311091
1.0,0.0,-0.4334412939612059,0.6863140178510261,-0.5665587060387941,-0.6863140178510261
1.0,0.0,-0.201095720496002,0.19287332807685695,-0.798904279503998,-0.19287332807685695
1.0,0.0,-0.1254838093200325,0.04590160789582165,-0.8745161906799674,-0.04590160789582165
1.0,0.0,-0.19910296531096366,0.5587745614536103,-0.8008970346890363,-0.5587745614536103
1.0,0.0,-0.3918516518250747,0.48088871201525746,-0.6081483481749252,-0.48088871201525746
1.0,0.0,-0.4726274214334879,0.5128346074746045,-0.5273725785665121,-0.5128346074746045
1.0,0.0,-0.34073535666007115,0.24559365822079005,-0.6592646433399288,-0.24559365822079005
1.0,0.0,-0.34108764486674453,0.5514051469746243,-0.6589123551332554,-0.5514051469746243
1.0,0.0,-0.04784139255285119,0.0834118347229427,-0.9521586074471489,-0.0834118347229427
1.0,0.0,-0.38408818126373095,0.4206181287868534,-0.6159118187362691,-0.4206181287868534
1.0,0.0,-0.4325093798978656,0.1578629303875694,-0.5674906201021344,-0.1578629303875694
1.0,0.0,-0.33993113049311857,0.27973571048581897,-0.6600688695068815,-0.27973571048581897
1.0,0.0,-0.037091274611581626,0.05435160330842666,-0.9629087253884183,-0.05435160330842666
1.0,0.0,-0.0030376473312320905,0.013678084321974327,-0.9969623526687679,-0.013678084321974327
1.0,0.0,-0.10061340726936052,0.08769404083381731,-0.8993865927306395,-0.08769404083381731
1.0,0.0,-0.13063151088865882,0.17556324899448258,-0.8693684891113411,-0.17556324899448258
1.0,0.0,-0.07406142557776335,0.049264376173689,-0.9259385744222366,-0.049264376173689
1.0,0.0,-0.426732177870212,0.12617580313306487,-0.573267822129788,-0.12617580313306487
1.0,0.0,-0.0053564614518716806,0.03375254991058678,-0.9946435385481284,-0.03375254991058678
1.0,0.0,-0.30485410259280715,0.24169521399533744,-0.6951458974071929,-0.24169521399533744
1.0,0.0,-0.3234033232409859,0.9224776823435021,-0.6765966767590141,-0.9224776823435021
1.0,0.0,-0.16916839717839974,0.599297944852844,-0.8308316028216003,-0.599297944852844
1.0,0.0,-0.02178978506332141,0.01669174566930616,-0.9782102149366786,-0.01669174566930616
1.0,0.0,-0.18712777270193282,0.3265792971272802,-0.8128722272980672,-0.3265792971272802
1.0,0.0,-0.045461319457519606,0.2530639611818132,-0.9545386805424804,-0.2530639611818132
1.0,0.0,-0.03023111267607886,0.07221819360786887,-0.9697688873239212,-0.07221819360786887
1.0,0.0,-0.4178657633289172,0.6946450323747158,-0.5821342366710829,-0.6946450323747158
1.0,0.0,-0.12572979810835466,0.6818407036979102,-0.8742702018916453,-0.6818407036979102
1.0,0.0,-0.46261700325986405,0.7713174684578186,-0.537382996740136,-0.7713174684578186
1.0,0.0,-0.058892531681532516,0.6057079693241807,-0.9411074683184675,-0.6057079693241807
1.0,0.0,-0.10967697690185307,0.1823445083035751,-0.8903230230981469,-0.1823445083035751
1.0,0.0,-0.3449032705237888,0.39564333848950356,-0.6550967294762112,-0.39564333848950356
1.0,0.0,-0.059263512487627235,0.01776714672683418,-0.9407364875123727,-0.01776714672683418
1.0,0.0,-0.26868915461840576,0.04602044773011797,-0.7313108453815942,-0.04602044773011797
1.0,0.0,-0.0716646251806432,0.07734069234217979,-0.9283353748193568,-0.07734069234217979
1.0,0.0,-0.4736258424846342,0.31739078221543615,-0.5263741575153658,-0.31739078221543615
1.0,0.0,-0.23529701642845335,0.5390632336544008,-0.7647029835715466,-0.5390632336544008
1.0,0.0,-0.05247563500566399,0.007380443258163531,-0.947524364994336,-0.007380443258163531
1.0,0.0,-0.31887212189444714,0.3807274569588001,-0.6811278781055529,-0.3807274569588001
1.0,0.0,-0.07593230701148246,0.12474608163696453,-0.9240676929885175,-0.12474608163696453
1.0,0.0,-0.2281694978043594,0.3504104868869626,-0.7718305021956406,-0.3504104868869626
1.0,0.0,-0.054919253466037266,0.08938068163783455,-0.9450807465339628,-0.08938068163783455
1.0,0.0,-0.012904009281268667,0.14815314299212476,-0.9870959907187313,-0.14815314299212476
1.0,0.0,-0.2394665128857441,0.1096524966194179,-0.760533487114256,-0.1096524966194179
1.0,0.0,-0.2547723830405542,0.5795236279647017,-0.7452276169594458,-0.5795236279647017
1.0,0.0,-0.31145182876185057,0.6467927051135516,-0.6885481712381494,-0.6467927051135516
1.0,0.0,-0.0018836804195754137,0.6644537244920204,-0.9981163195804246,-0.6644537244920204
1.0,0.0,-0.08485374850452265,0.14002684894101025,-0.9151462514954773,-0.14002684894101025
1.0,0.0,-0.004321164759920716,0.7129351250634519,-0.9956788352400793,-0.7129351250634519
1.0,0.0,-0.07233722534180465,0.5107195119781073,-0.9276627746581954,-0.5107195119781073
1.0,0.0,-0.3496944235250194,0.44795494917584,-0.6503055764749806,-0.44795494917584
1.0,0.0,-0.42540568791842204,0.37879687475046997,-0.574594312081578,-0.37879687475046997
1.0,0.0,-0.35092416034289564,0.33051351487313724,-0.6490758396571044,-0.33051351487313724
1.0,0.0,-0.21699217054266312,0.004687815754041599,-0.7830078294573368,-0.004687815754041599
1.0,0.0,-0.2512741857578052,0.08644692925120806,-0.7487258142421949,-0.08644692925120806
1.0,0.0,-0.24536890217812676,0.6043282023275162,-0.7546310978218732,-0.6043282023275162
1.0,0.0,-0.091564968488144,0.10979002141651772,-0.908435031511856,-0.10979002141651772
1.0,0.0,-0.3018881600671252,0.37263866032661863,-0.6981118399328747,-0.37263866032661863
1.0,0.0,-0.08121362944311639,0.09256008614384055,-0.9187863705568836,-0.09256008614384055
1.0,0.0,-0.15814054469269098,0.7461941203977136,-0.841859455307309,-0.7461941203977136
1.0,0.0,-0.2804326597829053,0.028096874148726855,-0.7195673402170947,-0.028096874148726855
1.0,0.0,-0.3210998641725017,0.0673212068053279,-0.6789001358274983,-0.0673212068053279
1.0,0.0,-0.10462042943187155,0.13810478530777712,-0.8953795705681284,-0.13810478530777712
1.0,0.0,-0.4750095825147626,0.7373889692908204,-0.5249904174852373,-0.7373889692908204
1.0,0.0,-0.10360270364855695,0.09673474820685972,-0.896397296351443,-0.09673474820685972
1.0,0.0,-0.22743654169415378,0.4127745615374368,-0.7725634583058463,-0.4127745615374368
1.0,0.0,-0.3959845247088384,0.2828734808689386,-0.6040154752911616,-0.2828734808689386
1.0,0.0,-0.08315367303057047,0.11626790986181387,-0.9168463269694296,-0.11626790986181387
1.0,0.0,-0.08750824184836042,0.17824162077438777,-0.9124917581516396,-0.17824162077438777
1.0,0.0,-0.09918089496086241,0.0878087492130712,-0.9008191050391376,-0.0878087492130712
1.0,0.0,-0.35135839219652104,0.13236350642478908,-0.6486416078034789,-0.13236350642478908
1.0,0.0,-0.4776135484242225,0.5838559517670964,-0.5223864515757775,-0.5838559517670964
1.0,0.0,-0.2934687459450736,0.4911048586076786,-0.7065312540549264,-0.4911048586076786
1.0,0.0,-0.4123051874097961,0.6473810358759141,-0.587694812590204,-0.6473810358759141
1.0,0.0,-0.07768424833763507,0.22507153890433984,-0.9223157516623649,-0.22507153890433984
1.0,0.0,-0.09428040409108115,0.1931343843456594,-0.9057195959089188,-0.1931343843456594
1.0,0.0,-0.4295985053827203,0.5852400196067862,-0.5704014946172797,-0.5852400196067862
1.0,0.0,-0.26386263683331784,0.42850405706601663,-0.7361373631666821,-0.42850405706601663
1.0,0.0,-0.30121936526373644,0.30649266969487726,-0.6987806347362635,-0.30649266969487726
1.0,0.0,-0.33342800482834795,0.006325899321715563,-0.666571995171652,-0.006325899321715563
1.0,0.0,-0.36351428768040134,0.15008930616537816,-0.6364857123195986,-0.15008930616537816
1.0,0.0,-0.11798260126640593,0.7896921328350199,-0.8820173987335941,-0.7896921328350199
1.0,0.0,-0.17056908955066424,0.18698447593150802,-0.8294309104493358,-0.18698447593150802
1.0,0.0,-0.14887827059455538,0.11770982875660495,-0.8511217294054446,-0.11770982875660495
1.0,0.0,-0.08612857034297464,0.6847080794970536,-0.9138714296570254,-0.6847080794970536
1.0,0.0,-0.3237877198759921,0.4984707999157599,-0.6762122801240079,-0.4984707999157599
1.0,0.0,-0.006119993886440411,0.01051694592090659,-0.9938800061135595,-0.01051694592090659
1.0,0.0,-0.2879191965380384,0.5633778885684925,-0.7120808034619617,-0.5633778885684925
1.0,0.0,-0.189961590078653,0.08576306703928248,-0.810038409921347,-0.08576306703928248
1.0,0.0,-0.08576012508852981,0.0018660671558285503,-0.9142398749114702,-0.0018660671558285503
1.0,0.0,-0.1512208524189712,0.4646257490910143,-0.8487791475810288,-0.4646257490910143
1.0,0.0,-0.12446464828012853,0.4212112158074415,-0.8755353517198715,-0.4212112158074415
1.0,0.0,-0.17679616518055147,0.2857941339158827,-0.8232038348194486,-0.2857941339158827
1.0,0.0,-0.049306739854990976,0.801224729636295,-0.950693260145009,-0.801224729636295
1.0,0.0,-0.12410373056529922,0.04778089920372948,-0.8758962694347008,-0.04778089920372948
1.0,0.0,-0.08054941578974095,0.11953470652122798,-0.919450584210259,-0.11953470652122798
1.0,0.0,-0.031189702125810074,0.0645920389811858,-0.9688102978741899,-0.0645920389811858
1.0,0.0,-0.0044951580689724935,0.007488038576281914,-0.9955048419310275,-0.007488038576281914
1.0,0.0,-0.10807243554414511,0.6869403520164293,-0.8919275644558549,-0.6869403520164293
1.0,0.0,-0.253926098141084,0.12113554504575832,-0.746073901858916,-0.12113554504575832
1.0,0.0,-0.11783292506520424,0.4877843689386197,-0.8821670749347957,-0.4877843689386197
1.0,0.0,-0.48703705887673765,0.39643925037569333,-0.5129629411232624,-0.39643925037569333
1.0,0.0,-0.4807244554914516,0.45279382544491026,-0.5192755445085484,-0.45279382544491026
1.0,0.0,-0.022223602884210658,0.005220086962444846,-0.9777763971157893,-0.005220086962444846
1.0,0.0,-0.4781002419230144,0.36925840469088944,-0.5218997580769855,-0.36925840469088944
1.0,0.0,-0.01721340996211881,0.058143508004924314,-0.9827865900378812,-0.058143508004924314
1.0,0.0,-0.18833188369106957,0.20507531643527785,-0.8116681163089304,-0.20507531643527785
1.0,0.0,-0.1624028483837317,0.19339225437778151,-0.8375971516162684,-0.19339225437778151
1.0,0.0,-0.08825898226534712,0.1757154190665371,-0.9117410177346529,-0.1757154190665371
1.0,0.0,-0.06468329584194614,0.14706415058183275,-0.9353167041580539,-0.14706415058183275
1.0,0.0,-0.37009435912150146,0.9199786561270591,-0.6299056408784985,-0.9199786561270591
1.0,0.0,-0.0548646574721849,0.4298821016525405,-0.9451353425278151,-0.4298821016525405
1.0,0.0,-0.4369559909012382,0.7024021122241201,-0.5630440090987618,-0.7024021122241201
1.0,0.0,-0.3437887976837959,0.037763040606375184,-0.6562112023162041,-0.037763040606375184
1.0,0.0,-0.38064658428106046,0.2109828293470728,-0.6193534157189395,-0.2109828293470728
1.0,0.0,-0.13381278314285064,0.6049481608729429,-0.8661872168571494,-0.6049481608729429
1.0,0.0,-0.4236028752956578,0.06159517118657226,-0.5763971247043422,-0.06159517118657226
1.0,0.0,-0.288649284923611,0.16929439430639542,-0.7113507150763889,-0.16929439430639542
1.0,0.0,-0.04887060303280628,0.42997945833300727,-0.9511293969671937,-0.42997945833300727
1.0,0.0,-0.023063129558065165,0.009579361659707868,-0.9769368704419348,-0.009579361659707868
1.0,0.0,-0.015141817850362732,0.13951496706305952,-0.9848581821496373,-0.13951496706305952
1.0,0.0,-0.10662665365632595,0.005957925147132147,-0.893373346343674,-0.005957925147132147
1.0,0.0,-0.008474805442213074,0.0064981190627832796,-0.991525194557787,-0.0064981190627832796
1.0,0.0,-0.45153640506513465,0.4031752636802529,-0.5484635949348653,-0.4031752636802529
1.0,0.0,-0.2011273658286381,0.22490789015172954,-0.7988726341713619,-0.22490789015172954
1.0,0.0,-0.20177896346980081,0.38352947267809123,-0.7982210365301992,-0.38352947267809123
1.0,0.0,-0.28109778155115983,0.322968450689244,-0.7189022184488402,-0.322968450689244
1.0,0.0,-0.4277259293910818,0.47399279033946884,-0.5722740706089182,-0.47399279033946884
1.0,0.0,-0.3281699503723688,0.2936219256797793,-0.6718300496276313,-0.2936219256797793
1.0,0.0,-0.1825233814826437,0.1403858751785348,-0.8174766185173563,-0.1403858751785348
1.0,0.0,-0.2602110382300516,0.5720572392443543,-0.7397889617699485,-0.5720572392443543
1.0,0.0,-0.05576129198502594,0.025063741839721234,-0.9442387080149741,-0.025063741839721234
1.0,0.0,-0.3752676067219915,0.6679677512147462,-0.6247323932780084,-0.6679677512147462
1.0,0.0,-0.32711436902018853,0.615182869222745,-0.6728856309798115,-0.615182869222745
1.0,0.0,-0.2295889170713128,0.3495399989918551,-0.7704110829286872,-0.3495399989918551
1.0,0.0,-0.47455217202033867,0.14700738274476546,-0.5254478279796613,-0.14700738274476546
1.0,0.0,-0.4465441068508223,0.25284797153102634,-0.5534558931491778,-0.25284797153102634
1.0,0.0,-0.19541068469876338,0.3104624274653312,-0.8045893153012367,-0.3104624274653312
1.0,0.0,-0.21757358484940104,0.22225164440987363,-0.782426415150599,-0.22225164440987363
1.0,0.0,-0.025979760263161605,0.6289728504644522,-0.9740202397368384,-0.6289728504644522
1.0,0.0,-0.44638305114063187,0.6996498401530097,-0.5536169488593681,-0.6996498401530097
1.0,0.0,-0.27044254361734005,0.6332712385697684,-0.7295574563826599,-0.6332712385697684
1.0,0.0,-0.21505210382340112,0.20340587740215085,-0.7849478961765989,-0.20340587740215085
1.0,0.0,-0.05540578580770773,0.15800551288907355,-0.9445942141922923,-0.15800551288907355
1.0,0.0,-0.07247654598782921,0.03995183681466265,-0.9275234540121708,-0.03995183681466265
1.0,0.0,-0.06940208059852881,0.344996267844833,-0.9305979194014712,-0.344996267844833
1.0,0.0,-0.3653688826013453,0.47869051619744785,-0.6346311173986547,-0.47869051619744785
1.0,0.0,-0.3054135269502962,0.3088759427777436,-0.6945864730497038,-0.3088759427777436
1.0,0.0,-0.1552968996981486,0.8320732920261841,-0.8447031003018514,-0.8320732920261841
1.0,0.0,-0.352247105236895,0.7012882171677391,-0.647752894763105,-0.7012882171677391
1.0,0.0,-0.12463650258737946,0.12043865066825081,-0.8753634974126205,-0.12043865066825081
1.0,0.0,-0.3521305706443461,0.5868182242502051,-0.647869429355654,-0.5868182242502051
1.0,0.0,-0.06644923144255421,0.08850898569377472,-0.9335507685574458,-0.08850898569377472
1.0,0.0,-0.4441685634567584,0.03405822529627828,-0.5558314365432415,-0.03405822529627828
1.0,0.0,-0.05566845647176536,0.2235707815518301,-0.9443315435282347,-0.2235707815518301
1.0,0.0,-0.3005070996341587,0.1131188352434525,-0.6994929003658412,-0.1131188352434525
1.0,0.0,-0.03738777556959577,0.04090827820696986,-0.9626122244304043,-0.04090827820696986
1.0,0.0,-0.033446742161614425,0.07942777641728421,-0.9665532578383855,-0.07942777641728421
1.0,0.0,-0.32063189432488187,0.42015921284707825,-0.6793681056751182,-0.42015921284707825
1.0,0.0,-0.17120924084350497,0.1179769792320921,-0.828790759156495,-0.1179769792320921
1.0,0.0,-0.28637433661053885,0.3810705704279552,-0.7136256633894611,-0.3810705704279552
1.0,0.0,-0.19820618232685577,0.16935415653076752,-0.8017938176731443,-0.16935415653076752
1.0,0.0,-0.3068195402855705,0.52967614744306,-0.6931804597144295,-0.52967614744306
1.0,0.0,-0.39999411802317775,0.6761289507665135,-0.6000058819768223,-0.6761289507665135
1.0,0.0,-0.12931506238062423,0.006928085702747276,-0.8706849376193757,-0.006928085702747276
1.0,0.0,-0.11783922203297703,0.17307853337312165,-0.882160777967023,-0.17307853337312165
1.0,0.0,-0.2625162950839753,0.6982183113941445,-0.7374837049160248,-0.6982183113941445
1.0,0.0,-0.42924974144984984,0.6790938572377782,-0.5707502585501502,-0.6790938572377782
1.0,0.0,-0.12408237332507849,0.03654084832026015,-0.8759176266749216,-0.03654084832026015
1.0,0.0,-0.22467189297628015,0.3460442613742246,-0.7753281070237199,-0.3460442613742246
1.0,0.0,-0.06135173270101779,0.07459619011440688,-0.9386482672989822,-0.07459619011440688
1.0,0.0,-0.16816107111979378,0.17099234169898617,-0.8318389288802062,-0.17099234169898617
1.0,0.0,-0.271377533837472,0.9374159871528165,-0.728622466162528,-0.9374159871528165
1.0,0.0,-0.12153860201922845,0.19638928010157497,-0.8784613979807716,-0.19638928010157497
1.0,0.0,-0.3994065357189683,0.7641452320647816,-0.6005934642810318,-0.7641452320647816
1.0,0.0,-0.013139880474736298,0.004255257799556726,-0.9868601195252638,-0.004255257799556726
1.0,0.0,-0.010820016052094523,0.2880853020870203,-0.9891799839479055,-0.2880853020870203
1.0,0.0,-0.3492389795087258,0.48314619919800933,-0.6507610204912742,-0.48314619919800933
1.0,0.0,-0.11244234413138868,0.2308277868634137,-0.8875576558686114,-0.2308277868634137
1.0,0.0,-0.30147350228875214,0.20104599900139347,-0.6985264977112479,-0.20104599900139347
1.0,0.0,-0.188160684337098,0.6470295093468429,-0.811839315662902,-0.6470295093468429
1.0,0.0,-0.4208243502327315,0.44523720824141216,-0.5791756497672684,-0.44523720824141216
1.0,0.0,-0.044767396370782385,0.21721581434196977,-0.9552326036292176,-0.21721581434196977
1.0,0.0,-0.411351161698394,0.34052839479702113,-0.588648838301606,-0.34052839479702113
1.0,0.0,-0.07210825942655907,0.08384317238926266,-0.9278917405734409,-0.08384317238926266
1.0,0.0,-0.30770210011081356,0.21740985264271287,-0.6922978998891864,-0.21740985264271287
1.0,0.0,-0.1215078270878378,0.18384673360284434,-0.8784921729121622,-0.18384673360284434
1.0,0.0,-0.04494569479463578,0.002682242952553485,-0.9550543052053642,-0.002682242952553485
1.0,0.0,-0.03763375519527676,0.15115306091764646,-0.9623662448047232,-0.15115306091764646
1.0,0.0,-0.21836106297778846,0.1660583871234312,-0.7816389370222115,-0.1660583871234312
1.0,0.0,-0.22920203905096387,0.240173960778659,-0.7707979609490361,-0.240173960778659
1.0,0.0,-0.12837856983366971,0.849258948344904,-0.8716214301663303,-0.849258948344904
1.0,0.0,-0.025342342535042972,0.03333277461483757,-0.974657657464957,-0.03333277461483757
1.0,0.0,-0.28137295457692224,0.4679524390971188,-0.7186270454230778,-0.4679524390971188
1.0,0.0,-0.4899477971489351,0.20597049561827,-0.5100522028510649,-0.20597049561827
1.0,0.0,-0.23658597140237697,0.3637668678760284,-0.763414028597623,-0.3637668678760284
1.0,0.0,-0.06348369544890227,0.37467120759845873,-0.9365163045510977,-0.37467120759845873
1.0,0.0,-0.01860259663253365,0.6964869863775278,-0.9813974033674664,-0.6964869863775278
1.0,0.0,-0.21196619239525283,0.20311650147462698,-0.7880338076047472,-0.20311650147462698
1.0,0.0,-0.43976894653529,0.7070291829144733,-0.56023105346471,-0.7070291829144733
1.0,0.0,-0.11614217221770201,0.15916150342111351,-0.8838578277822979,-0.15916150342111351
1.0,0.0,-0.04409839030206375,0.17416856861491287,-0.9559016096979362,-0.17416856861491287
1.0,0.0,-0.024464699763623587,0.025165672487684955,-0.9755353002363765,-0.025165672487684955
1.0,0.0,-0.24349124594389637,0.21851864846030553,-0.7565087540561036,-0.21851864846030553
1.0,0.0,-0.03619362259564735,0.06573312525898804,-0.9638063774043526,-0.06573312525898804
1.0,0.0,-0.0046335330342142725,0.154542145958541,-0.9953664669657857,-0.154542145958541
1.0,0.0,-0.22540134759595154,0.5770339544482768,-0.7745986524040485,-0.5770339544482768
1.0,0.0,-0.4198416678140604,0.09194240736621061,-0.5801583321859396,-0.09194240736621061
1.0,0.0,-0.28842459307511364,0.43518214747174033,-0.7115754069248863,-0.43518214747174033
1.0,0.0,-0.49269605733247773,0.44942244467377307,-0.5073039426675223,-0.44942244467377307
1.0,0.0,-0.34880815066737997,0.22962055611614368,-0.6511918493326201,-0.22962055611614368
1.0,0.0,-0.06974741498566395,0.008482401930541028,-0.930252585014336,-0.008482401930541028
1.0,0.0,-0.26895333461862647,0.6778637119638773,-0.7310466653813735,-0.6778637119638773
1.0,0.0,-0.2952250646086436,0.19216392414522215,-0.7047749353913564,-0.19216392414522215
1.0,0.0,-0.30301813217969686,0.4459553299234393,-0.6969818678203031,-0.4459553299234393
1.0,0.0,-0.19378516916563987,0.045262924642041236,-0.8062148308343602,-0.045262924642041236
1.0,0.0,-0.11714400733857983,0.1118771634896774,-0.8828559926614201,-0.1118771634896774
1.0,0.0,-0.4064337369340647,0.7980886457280784,-0.5935662630659353,-0.7980886457280784
1.0,0.0,-0.4179185448058574,0.055165697465503295,-0.5820814551941427,-0.055165697465503295
1.0,0.0,-0.056873278296671714,0.6045181956950186,-0.9431267217033283,-0.6045181956950186
1.0,0.0,-0.15431994398776194,0.12115976691127396,-0.8456800560122381,-0.12115976691127396
1.0,0.0,-0.21100944493738827,0.1514105265622619,-0.7889905550626117,-0.1514105265622619
1.0,0.0,-0.013156664956291086,0.004794964613441727,-0.9868433350437089,-0.004794964613441727
1.0,0.0,-0.23781994262204806,0.5629841368643268,-0.7621800573779519,-0.5629841368643268
1.0,0.0,-0.06142086394280931,0.14308416979977523,-0.9385791360571907,-0.14308416979977523
1.0,0.0,-0.0036102724818514826,0.012744794813345919,-0.9963897275181485,-0.012744794813345919
1.0,0.0,-0.01835947959826767,0.14554362598628207,-0.9816405204017323,-0.14554362598628207
1.0,0.0,-0.04081649051094043,0.1297277789117944,-0.9591835094890596,-0.1297277789117944
1.0,0.0,-0.4216862419810331,0.3743722748336302,-0.5783137580189669,-0.3743722748336302
1.0,0.0,-0.2133666252011743,0.3724456164429071,-0.7866333747988257,-0.3724456164429071
1.0,0.0,-0.3676255079163482,0.06065423894125562,-0.6323744920836518,-0.06065423894125562
1.0,0.0,-0.12090499167839142,0.19010037907996086,-0.8790950083216086,-0.19010037907996086
1.0,0.0,-0.11887708284259207,0.12468400101180882,-0.881122917157408,-0.12468400101180882
1.0,0.0,-0.14161919730929695,0.16163313269371682,-0.858380802690703,-0.16163313269371682
1.0,0.0,-0.10772411688202987,0.1649761570362185,-0.8922758831179701,-0.1649761570362185
1.0,0.0,-0.20459410380510856,0.35298962452616417,-0.7954058961948914,-0.35298962452616417
1.0,0.0,-0.4568321110096367,0.18261990750367962,-0.5431678889903633,-0.18261990750367962
1.0,0.0,-0.26470592329269144,0.7400774827322053,-0.7352940767073086,-0.7400774827322053
1.0,0.0,-0.40701471689800883,0.6211791630552858,-0.5929852831019912,-0.6211791630552858
1.0,0.0,-0.12974195387185294,0.00558814072575686,-0.8702580461281471,-0.00558814072575686
1.0,0.0,-0.44309523005703705,0.09474118131355883,-0.556904769942963,-0.09474118131355883
1.0,0.0,-0.054117846040857676,0.08800026726118225,-0.9458821539591423,-0.08800026726118225
1.0,0.0,-0.055272428154397535,0.06988008834840621,-0.9447275718456025,-0.06988008834840621
1.0,0.0,-0.012349599475636484,0.8380501456672624,-0.9876504005243635,-0.8380501456672624
1.0,0.0,-0.37960537711253,0.08933890274379816,-0.6203946228874699,-0.08933890274379816
1.0,0.0,-0.13845520958306767,0.14066242507242335,-0.8615447904169323,-0.14066242507242335
1.0,0.0,-0.1785928617669571,0.25111137460276045,-0.8214071382330429,-0.25111137460276045
1.0,0.0,-0.38359644580704916,0.35994209967813234,-0.6164035541929509,-0.35994209967813234
1.0,0.0,-0.060174002327102204,0.4385990929620406,-0.9398259976728978,-0.4385990929620406
1.0,0.0,-0.013619847824896383,0.06274394741802249,-0.9863801521751037,-0.06274394741802249
1.0,0.0,-0.08627548079053782,0.14218481917838433,-0.9137245192094622,-0.14218481917838433
1.0,0.0,-0.05671945574828702,0.008329425262911812,-0.9432805442517129,-0.008329425262911812
1.0,0.0,-0.3657203181058603,0.08689404344918257,-0.6342796818941396,-0.08689404344918257
1.0,0.0,-0.14222922245969216,0.24182907753792263,-0.8577707775403078,-0.24182907753792263
1.0,0.0,-0.044900705955153476,0.09741975609602485,-0.9550992940448465,-0.09741975609602485
1.0,0.0,-0.08263918968856893,0.04067909962968152,-0.917360810311431,-0.04067909962968152
1.0,0.0,-0.43654667203842346,0.17726351165407075,-0.5634533279615765,-0.17726351165407075
1.0,0.0,-0.3621346821768529,0.12420302384867284,-0.637865317823147,-0.12420302384867284
1.0,0.0,-0.0029054305100892487,0.014080855568069733,-0.9970945694899107,-0.014080855568069733
1.0,0.0,-0.005962354078812098,0.4783306688521188,-0.9940376459211879,-0.4783306688521188
1.0,0.0,-0.12245883103749497,0.9354341872351307,-0.877541168962505,-0.9354341872351307
1.0,0.0,-0.27009468132286785,0.309125498713559,-0.7299053186771322,-0.309125498713559
1.0,0.0,-0.22450171366547264,0.5398989610973828,-0.7754982863345273,-0.5398989610973828
1.0,0.0,-0.266942304494823,0.2551553882733187,-0.7330576955051771,-0.2551553882733187
1.0,0.0,-0.08931968836550436,0.11191210915278066,-0.9106803116344957,-0.11191210915278066
1.0,0.0,-0.4111589762573284,0.14255790741736868,-0.5888410237426716,-0.14255790741736868
1.0,0.0,-0.13572252579067073,0.048047486408361,-0.8642774742093293,-0.048047486408361
1.0,0.0,-0.2745042243475182,0.5612547351516259,-0.7254957756524818,-0.5612547351516259
1.0,0.0,-0.22620246719271536,0.16529958719577334,-0.7737975328072846,-0.16529958719577334
1.0,0.0,-0.31846281458291764,0.5485671855044792,-0.6815371854170824,-0.5485671855044792
1.0,0.0,-0.42609091897238177,0.7191800912843258,-0.5739090810276182,-0.7191800912843258
1.0,0.0,-0.3391767714608091,0.47044177692904127,-0.6608232285391908,-0.47044177692904127
1.0,0.0,-0.3469695435506174,0.24480567953462568,-0.6530304564493826,-0.24480567953462568
1.0,0.0,-0.48989207991536793,0.3345190726298273,-0.5101079200846321,-0.3345190726298273
1.0,0.0,-0.34283160783125755,0.33244737224771653,-0.6571683921687425,-0.33244737224771653
1.0,0.0,-0.10414217279602042,0.29661218966040653,-0.8958578272039796,-0.29661218966040653
1.0,0.0,-0.15315819283825183,0.14809251441268598,-0.8468418071617482,-0.14809251441268598
1.0,0.0,-0.01791318285182388,0.09143405089720237,-0.9820868171481761,-0.09143405089720237
1.0,0.0,-0.10701361603960735,0.04305669935479198,-0.8929863839603926,-0.04305669935479198
1.0,0.0,-0.4267422348696677,0.5672615842384461,-0.5732577651303323,-0.5672615842384461
1.0,0.0,-0.49178002538501236,0.6867252906993748,-0.5082199746149876,-0.6867252906993748
1.0,0.0,-0.14617763777583576,0.6082983601541637,-0.8538223622241643,-0.6082983601541637
1.0,0.0,-0.12663628365528698,0.7372629189222415,-0.873363716344713,-0.7372629189222415
1.0,0.0,-0.03964098269206615,0.46072737123348007,-0.9603590173079338,-0.46072737123348007
1.0,0.0,-0.3319590581509891,0.06030437423369277,-0.668040941849011,-0.06030437423369277
1.0,0.0,-0.25365046943917063,0.9435694733436866,-0.7463495305608294,-0.9435694733436866
1.0,0.0,-0.3128790727105972,0.09469183156567473,-0.6871209272894028,-0.09469183156567473
1.0,0.0,-0.008050032870794034,0.6705488392924424,-0.9919499671292059,-0.6705488392924424
1.0,0.0,-0.3333555117200616,0.6086623073495678,-0.6666444882799384,-0.6086623073495678
1.0,0.0,-0.41201481356843783,0.40848636231900914,-0.5879851864315622,-0.40848636231900914
1.0,0.0,-0.10715364937488164,0.17007407116613826,-0.8928463506251183,-0.17007407116613826
1.0,0.0,-0.47865536939760267,0.6356165171882714,-0.5213446306023973,-0.6356165171882714
1.0,0.0,-0.4103112372679666,0.870861043677128,-0.5896887627320334,-0.870861043677128
1.0,0.0,-0.46373114006063804,0.762267343685391,-0.5362688599393619,-0.762267343685391
1.0,0.0,-0.08732554755060956,0.3447618230005064,-0.9126744524493904,-0.3447618230005064
1.0,0.0,-0.3556527527412557,0.4050182199830727,-0.6443472472587444,-0.4050182199830727
1.0,0.0,-0.47834816898356486,0.36467100509161104,-0.5216518310164351,-0.36467100509161104
1.0,0.0,-0.23374934138397746,0.1704655964083732,-0.7662506586160225,-0.1704655964083732
1.0,0.0,-0.023955749524468273,0.0021100951027965067,-0.9760442504755318,-0.0021100951027965067
1.0,0.0,-0.1352474826159863,0.11637260931370356,-0.8647525173840137,-0.11637260931370356
1.0,0.0,-0.4182692890443131,0.22264523089339958,-0.5817307109556868,-0.22264523089339958
1.0,0.0,-0.38993574643951157,0.06668537074388313,-0.6100642535604884,-0.06668537074388313
1.0,0.0,-0.03351651348005128,0.7383637359289349,-0.9664834865199488,-0.7383637359289349
1.0,0.0,-0.17464815798891314,0.30068100708855994,-0.8253518420110868,-0.30068100708855994
1.0,0.0,-0.39854293928212614,0.21691930268369294,-0.6014570607178739,-0.21691930268369294
1.0,0.0,-0.24185146938051505,0.29578139048124674,-0.758148530619485,-0.29578139048124674
1.0,0.0,-0.0629793398025214,0.1011018326025851,-0.9370206601974786,-0.1011018326025851
1.0,0.0,-0.13357513106614258,0.4271860799456226,-0.8664248689338574,-0.4271860799456226
1.0,0.0,-0.02356101069811301,0.10199798154264464,-0.976438989301887,-0.10199798154264464
1.0,0.0,-0.16183171749959013,0.08516019466312046,-0.8381682825004099,-0.08516019466312046
1.0,0.0,-0.24071712517568244,0.32735375933340555,-0.7592828748243176,-0.32735375933340555
1.0,0.0,-0.09445891854473353,0.16405633542651585,-0.9055410814552665,-0.16405633542651585
1.0,0.0,-0.48363919243320896,0.14070894799719869,-0.516360807566791,-0.14070894799719869
1.0,0.0,-0.4598047460348552,0.6720527268171513,-0.5401952539651448,-0.6720527268171513
1.0,0.0,-0.06354852767156305,0.07278775930403425,-0.936451472328437,-0.07278775930403425
1.0,0.0,-0.3922403320496163,0.4292572521134086,-0.6077596679503837,-0.4292572521134086
1.0,0.0,-0.051559448935603644,0.21329658983689892,-0.9484405510643964,-0.21329658983689892
1.0,0.0,-0.34227089504941444,0.08042912585381005,-0.6577291049505856,-0.08042912585381005
1.0,0.0,-0.28821933632349,0.444418756867177,-0.71178066367651,-0.444418756867177
1.0,0.0,-0.24624736188886126,0.1996056607273616,-0.7537526381111388,-0.1996056607273616
1.0,0.0,-0.1698534492560605,0.09320971702491287,-0.8301465507439395,-0.09320971702491287
1.0,0.0,-0.037390494551990935,0.579725124630544,-0.962609505448009,-0.579725124630544
1.0,0.0,-0.09739762201352631,0.02613915864441481,-0.9026023779864737,-0.02613915864441481
1.0,0.0,-0.12536176408697355,0.47896106920503756,-0.8746382359130265,-0.47896106920503756
1.0,0.0,-0.36233302233932935,0.22167731407237165,-0.6376669776606707,-0.22167731407237165
1.0,0.0,-0.04811811783681463,0.028717567791478767,-0.9518818821631854,-0.028717567791478767
1.0,0.0,-0.4028556310429486,0.05631595344645977,-0.5971443689570515,-0.05631595344645977
1.0,0.0,-0.398454620916122,0.03766679571368702,-0.6015453790838781,-0.03766679571368702
1.0,0.0,-0.2831485400305114,0.19651425646557907,-0.7168514599694886,-0.19651425646557907
1.0,0.0,-0.00587620324669685,0.2004052976203692,-0.9941237967533032,-0.2004052976203692
1.0,0.0,-0.1624333640270776,0.0019977259255552567,-0.8375666359729224,-0.0019977259255552567
1.0,0.0,-0.17581832474908987,0.18779533305131357,-0.8241816752509101,-0.18779533305131357
1.0,0.0,-0.18510274745101749,0.6839146361243508,-0.8148972525489825,-0.6839146361243508
1.0,0.0,-0.4165165815946855,0.5868160084838908,-0.5834834184053145,-0.5868160084838908
1.0,0.0,-0.39806002245039956,0.9154281639070715,-0.6019399775496004,-0.9154281639070715
1.0,0.0,-0.49343219163627405,0.6379563407226916,-0.506567808363726,-0.6379563407226916
1.0,0.0,-0.027333179097802973,0.0025264574262367522,-0.972666820902197,-0.0025264574262367522
1.0,0.0,-0.029693810325901324,0.10172442005766828,-0.9703061896740987,-0.10172442005766828
1.0,0.0,-0.28058471546705804,0.4489589812540781,-0.719415284532942,-0.4489589812540781
1.0,0.0,-0.46370942340144544,0.8497102444554215,-0.5362905765985546,-0.8497102444554215
1.0,0.0,-0.48438602596888974,0.42848018146225453,-0.5156139740311103,-0.42848018146225453
1.0,0.0,-0.23423916050582488,0.5124137808361175,-0.7657608394941751,-0.5124137808361175
1.0,0.0,-0.300050678286444,0.5382155578754507,-0.699949321713556,-0.5382155578754507
1.0,0.0,-0.35612896809366085,0.7347247697613577,-0.6438710319063392,-0.7347247697613577
1.0,0.0,-0.06638376693311498,0.21860169318267175,-0.933616233066885,-0.21860169318267175
1.0,0.0,-0.037590365655259195,0.05377699422939463,-0.9624096343447408,-0.05377699422939463
1.0,0.0,-0.256202031507541,0.8814976583107724,-0.7437979684924589,-0.8814976583107724
1.0,0.0,-0.1815014344828137,0.00841028507571071,-0.8184985655171864,-0.00841028507571071
1.0,0.0,-0.06072837654757916,0.16285811944416928,-0.9392716234524209,-0.16285811944416928
1.0,0.0,-0.22360143361746382,0.3420708495571315,-0.7763985663825361,-0.3420708495571315
1.0,0.0,-0.3715869914420469,0.8917775213788087,-0.6284130085579531,-0.8917775213788087
1.0,0.0,-0.37960604665877157,0.4539441461966185,-0.6203939533412284,-0.4539441461966185
1.0,0.0,-0.13186503925723572,0.8796522120621895,-0.8681349607427643,-0.8796522120621895
1.0,0.0,-0.016385069915197614,0.0016806358876503072,-0.9836149300848024,-0.0016806358876503072
1.0,0.0,-0.36754390820438687,0.27980052839828207,-0.6324560917956131,-0.27980052839828207
1.0,0.0,-0.4007537714197868,0.08279470471206614,-0.5992462285802131,-0.08279470471206614
1.0,0.0,-0.14066827553411926,0.23063929243868794,-0.8593317244658807,-0.23063929243868794
1.0,0.0,-0.007432409532905954,0.08320487741220517,-0.9925675904670941,-0.08320487741220517
1.0,0.0,-0.19928095854653816,0.2440816951598292,-0.8007190414534618,-0.2440816951598292
1.0,0.0,-0.07441290812767624,0.3715779729529053,-0.9255870918723238,-0.3715779729529053
1.0,0.0,-0.3011663214976,0.4112859611972793,-0.6988336785024001,-0.4112859611972793
1.0,0.0,-0.36271636954162945,0.47645556150959295,-0.6372836304583706,-0.47645556150959295
1.0,0.0,-0.07273824158557533,0.14396799108263383,-0.9272617584144247,-0.14396799108263383
1.0,0.0,-0.06012765049397153,0.2112458673971735,-0.9398723495060285,-0.2112458673971735
1.0,0.0,-0.13118177336577713,0.03887675277211699,-0.8688182266342228,-0.03887675277211699
1.0,0.0,-0.1609363817693691,0.5648366795864364,-0.8390636182306309,-0.5648366795864364
1.0,0.0,-0.10851306836388547,0.14175515180439746,-0.8914869316361145,-0.14175515180439746
1.0,0.0,-0.037945979621135384,0.064571214670159,-0.9620540203788646,-0.064571214670159
1.0,0.0,-0.22197511993360522,0.44173227744422255,-0.7780248800663948,-0.44173227744422255
1.0,0.0,-0.17284205419987392,0.1144467762960367,-0.8271579458001261,-0.1144467762960367
1.0,0.0,-0.3264669067762462,0.25047100993021554,-0.6735330932237538,-0.25047100993021554
1.0,0.0,-0.03219080643714467,0.04448685554568556,-0.9678091935628553,-0.04448685554568556
1.0,0.0,-0.3784172168187374,0.32621657266550785,-0.6215827831812626,-0.32621657266550785
1.0,0.0,-0.15426908211344043,0.22975294461679271,-0.8457309178865595,-0.22975294461679271
1.0,0.0,-0.18458421037980924,0.3949688478854625,-0.8154157896201908,-0.3949688478854625
1.0,0.0,-0.47010758283920373,0.7026019122717967,-0.5298924171607963,-0.7026019122717967
1.0,0.0,-0.49347897123717144,0.16562056560643382,-0.5065210287628286,-0.16562056560643382
1.0,0.0,-0.0055659437918446596,0.048355369419956884,-0.9944340562081554,-0.048355369419956884
1.0,0.0,-0.15769363519708296,0.7741828912008702,-0.842306364802917,-0.7741828912008702
1.0,0.0,-0.05951197799622508,0.20802183020140685,-0.9404880220037749,-0.20802183020140685
1.0,0.0,-0.06075799735576781,0.06739017978944974,-0.9392420026442322,-0.06739017978944974
1.0,0.0,-0.26510789180077216,0.3404542478144804,-0.7348921081992279,-0.3404542478144804
1.0,0.0,-0.03284745720840243,0.012308260548688284,-0.9671525427915976,-0.012308260548688284
1.0,0.0,-0.08615057396448039,0.14599127448435809,-0.9138494260355197,-0.14599127448435809
1.0,0.0,-0.41403490985152164,0.605517007803026,-0.5859650901484783,-0.605517007803026
1.0,0.0,-0.004981554748208605,0.007918263248190218,-0.9950184452517914,-0.007918263248190218
1.0,0.0,-0.07887396375270937,0.5496131046982643,-0.9211260362472906,-0.5496131046982643
1.0,0.0,-0.06441979418444505,0.1065678038602173,-0.9355802058155549,-0.1065678038602173
1.0,0.0,-0.3057887606466081,0.5021247606465213,-0.6942112393533919,-0.5021247606465213
1.0,0.0,-0.3762378597362107,0.6269147779583794,-0.6237621402637893,-0.6269147779583794
1.0,0.0,-0.402549841533444,0.6682647153390772,-0.597450158466556,-0.6682647153390772
1.0,0.0,-0.20295330586479288,0.6149449394951063,-0.7970466941352071,-0.6149449394951063
1.0,0.0,-0.06664932334259399,0.34321012184915717,-0.933350676657406,-0.34321012184915717
1.0,0.0,-0.2069560873017011,0.5939522327000714,-0.7930439126982989,-0.5939522327000714
1.0,0.0,-0.14128618117345754,0.6476906110523376,-0.8587138188265424,-0.6476906110523376
1.0,0.0,-0.2163630265168198,0.9470638233629394,-0.7836369734831802,-0.9470638233629394
1.0,0.0,-0.4643571809661722,0.37974267096044184,-0.5356428190338278,-0.37974267096044184
1.0,0.0,-0.1989833372175714,0.3569273242740286,-0.8010166627824287,-0.3569273242740286
1.0,0.0,-0.12976104270322372,0.434295731470213,-0.8702389572967762,-0.434295731470213
1.0,0.0,-0.2684320800359976,0.4434863880758386,-0.7315679199640024,-0.4434863880758386
1.0,0.0,-0.15301620077093936,0.14522678200821082,-0.8469837992290606,-0.14522678200821082
1.0,0.0,-0.44762056848404763,0.37699023135281023,-0.5523794315159524,-0.37699023135281023
1.0,0.0,-0.3609336820985556,0.7077066322697009,-0.6390663179014444,-0.7077066322697009
1.0,0.0,-0.04566814735256832,0.259110529499572,-0.9543318526474317,-0.259110529499572
1.0,0.0,-0.19023840879682397,0.18927305510534054,-0.809761591203176,-0.18927305510534054
1.0,0.0,-0.2962152466047517,0.4166114107685895,-0.7037847533952484,-0.4166114107685895
1.0,0.0,-0.05879532606737881,0.33434194263754674,-0.9412046739326212,-0.33434194263754674
1.0,0.0,-0.08982630954047482,0.032837143812173,-0.9101736904595252,-0.032837143812173
1.0,0.0,-0.013318495932337415,0.01765142491463801,-0.9866815040676626,-0.01765142491463801
1.0,0.0,-0.06222844501357516,0.31077171445298035,-0.9377715549864248,-0.31077171445298035
1.0,0.0,-0.24182276778172856,0.16625313211032142,-0.7581772322182714,-0.16625313211032142
1.0,0.0,-0.3924147066264837,0.6905605621674537,-0.6075852933735163,-0.6905605621674537
1.0,0.0,-0.17381021555406473,0.28964421492223386,-0.8261897844459353,-0.28964421492223386
1.0,0.0,-0.060460706243088545,0.508766593529879,-0.9395392937569115,-0.508766593529879
1.0,0.0,-0.058534038416867884,0.08605263565026076,-0.9414659615831321,-0.08605263565026076
1.0,0.0,-0.12173645322880045,0.20286667076198436,-0.8782635467711996,-0.20286667076198436
1.0,0.0,-0.28472475008748077,0.4675725666460281,-0.7152752499125192,-0.4675725666460281
1.0,0.0,-0.12300141475276789,0.4226246191547909,-0.8769985852472321,-0.4226246191547909
1.0,0.0,-0.14291833803346904,0.24299835991830743,-0.8570816619665309,-0.24299835991830743
1.0,0.0,-0.2577613250837968,0.018385579590693757,-0.7422386749162032,-0.018385579590693757
1.0,0.0,-0.4834668346844427,0.702176297067392,-0.5165331653155574,-0.702176297067392
1.0,0.0,-0.33473978478735045,0.030745181039259717,-0.6652602152126496,-0.030745181039259717
1.0,0.0,-0.4273342770025176,0.7300573863803657,-0.5726657229974824,-0.7300573863803657
1.0,0.0,-0.41606202501465833,0.6780225847395946,-0.5839379749853417,-0.6780225847395946
1.0,0.0,-0.18804108563646355,0.30287506079063464,-0.8119589143635364,-0.30287506079063464
1.0,0.0,-0.25699659550821463,0.14570895497736092,-0.7430034044917854,-0.14570895497736092
1.0,0.0,-0.4150815459485959,0.2992571774056595,-0.5849184540514041,-0.2992571774056595
1.0,0.0,-0.0620049793169099,0.061220672156812275,-0.93799502068309,-0.061220672156812275
1.0,0.0,-0.3351124896418567,0.049819952682999886,-0.6648875103581433,-0.049819952682999886
1.0,0.0,-0.12640704859666044,0.5501368211062345,-0.8735929514033396,-0.5501368211062345
1.0,0.0,-0.44710114194855666,0.0923564696712008,-0.5528988580514433,-0.0923564696712008
1.0,0.0,-0.3132193882936741,0.4566989504944767,-0.686780611706326,-0.4566989504944767
1.0,0.0,-0.048035037642536096,0.7220010681982664,-0.9519649623574639,-0.7220010681982664
1.0,0.0,-0.13973538783389206,0.13422975344601698,-0.860264612166108,-0.13422975344601698
1.0,0.0,-0.190864332708915,0.3247171701901125,-0.809135667291085,-0.3247171701901125
1.0,0.0,-0.47093773116334126,0.08163792555696732,-0.5290622688366587,-0.08163792555696732
1.0,0.0,-0.35044187030470925,0.3814980591246646,-0.6495581296952908,-0.3814980591246646
1.0,0.0,-0.06109376615053773,0.29208635755706625,-0.9389062338494623,-0.29208635755706625
1.0,0.0,-0.2141306480709776,0.15263284643135433,-0.7858693519290224,-0.15263284643135433
1.0,0.0,-0.2727041793433325,0.48726587660637205,-0.7272958206566675,-0.48726587660637205
1.0,0.0,-0.1812545457879809,0.39202542327022466,-0.8187454542120192,-0.39202542327022466
1.0,0.0,-0.21521066395733413,0.19897459156181582,-0.7847893360426659,-0.19897459156181582
1.0,0.0,-0.387033787413467,0.5801564031483041,-0.6129662125865329,-0.5801564031483041
1.0,0.0,-0.26470439010801744,0.4562857788524477,-0.7352956098919825,-0.4562857788524477
1.0,0.0,-0.3331322363190733,0.19317601166658555,-0.6668677636809267,-0.19317601166658555
1.0,0.0,-0.3505911822870159,0.05890838610370453,-0.6494088177129841,-0.05890838610370453
1.0,0.0,-0.30232103521970455,0.017799846130080173,-0.6976789647802955,-0.017799846130080173
1.0,0.0,-0.19118789507202644,0.3042329055800716,-0.8088121049279735,-0.3042329055800716
1.0,0.0,-0.4252886146576185,0.3293775277512777,-0.5747113853423815,-0.3293775277512777
1.0,0.0,-0.0641224403614179,0.02330964200126678,-0.9358775596385821,-0.02330964200126678
1.0,0.0,-0.062075313229786815,0.4153341518987027,-0.9379246867702132,-0.4153341518987027
1.0,0.0,-0.09554655764934533,0.196885947087765,-0.9044534423506547,-0.196885947087765
1.0,0.0,-0.3020691304041222,0.22976892803177748,-0.6979308695958778,-0.22976892803177748
1.0,0.0,-0.09155394133132666,0.023338964737496314,-0.9084460586686733,-0.023338964737496314
1.0,0.0,-0.14653942225384375,0.07563062217240482,-0.8534605777461562,-0.07563062217240482
1.0,0.0,-0.15557602799068493,0.5132685149847362,-0.8444239720093151,-0.5132685149847362
1.0,0.0,-0.05427515541947253,0.06472860757635392,-0.9457248445805275,-0.06472860757635392
1.0,0.0,-0.11628518005119032,0.016424901224098055,-0.8837148199488096,-0.016424901224098055
1.0,0.0,-0.4894087840822811,0.44151129086925456,-0.5105912159177188,-0.44151129086925456
1.0,0.0,-0.46151260688871365,0.7655049314790119,-0.5384873931112863,-0.7655049314790119
1.0,0.0,-0.07025886507113449,0.1134664832179205,-0.9297411349288656,-0.1134664832179205
1.0,0.0,-0.37510527535971283,0.19727683301239432,-0.6248947246402872,-0.19727683301239432
1.0,0.0,-0.4410463594440194,0.2229043973331865,-0.5589536405559806,-0.2229043973331865
1.0,0.0,-0.03152819850552474,0.004727214391325616,-0.9684718014944753,-0.004727214391325616
1.0,0.0,-0.10114415726296125,0.314880205998449,-0.8988558427370388,-0.314880205998449
1.0,0.0,-0.3481719347609397,0.3654077572896147,-0.6518280652390602,-0.3654077572896147
1.0,0.0,-0.06208743269993411,0.04357680042497597,-0.9379125673000659,-0.04357680042497597
1.0,0.0,-0.12184411511967948,0.6915771176305525,-0.8781558848803205,-0.6915771176305525
1.0,0.0,-0.407719709501991,0.022756457890400462,-0.592280290498009,-0.022756457890400462
1.0,0.0,-0.010614093068046808,0.1261441669781391,-0.9893859069319532,-0.1261441669781391
1.0,0.0,-0.08220728739744058,0.31818246089598223,-0.9177927126025595,-0.31818246089598223
1.0,0.0,-0.09813694749241322,0.19616937556873465,-0.9018630525075868,-0.19616937556873465
1.0,0.0,-0.16725609723731688,0.7294224574236485,-0.8327439027626831,-0.7294224574236485
1.0,0.0,-0.48043633596377194,0.2215009434435109,-0.519563664036228,-0.2215009434435109
1.0,0.0,-0.26360683632231247,0.25523683301992056,-0.7363931636776875,-0.25523683301992056
1.0,0.0,-0.016971446118468892,0.04730486130383047,-0.9830285538815311,-0.04730486130383047
1.0,0.0,-0.19785446243570404,0.22534223684778612,-0.802145537564296,-0.22534223684778612
1.0,0.0,-0.0704136481947323,0.12742302022029472,-0.9295863518052677,-0.12742302022029472
1.0,0.0,-0.1211236097951599,0.4506992559272803,-0.8788763902048401,-0.4506992559272803
1.0,0.0,-0.23114093677799116,0.6516179313043106,-0.7688590632220088,-0.6516179313043106
1.0,0.0,-0.21894585109373432,0.6111258840826156,-0.7810541489062657,-0.6111258840826156
1.0,0.0,-0.4624610973805499,0.8718693423701837,-0.5375389026194501,-0.8718693423701837
1.0,0.0,-0.3248367865530055,0.031230399325803508,-0.6751632134469945,-0.031230399325803508
1.0,0.0,-0.3815870522130239,0.8378450792610695,-0.6184129477869761,-0.8378450792610695
1.0,0.0,-0.01572873241137851,0.011486529890375545,-0.9842712675886215,-0.011486529890375545
1.0,0.0,-0.08801108946039332,0.13975585065799795,-0.9119889105396066,-0.13975585065799795
1.0,0.0,-0.3010813910881565,0.34086843935443867,-0.6989186089118435,-0.34086843935443867
1.0,0.0,-0.38910465896866014,0.6237226882117317,-0.6108953410313398,-0.6237226882117317
1.0,0.0,-0.03572719156894638,0.013626486864777127,-0.9642728084310537,-0.013626486864777127
1.0,0.0,-0.22872308890345466,0.10744813455352005,-0.7712769110965454,-0.10744813455352005
1.0,0.0,-0.47566926760637707,0.4528532754544244,-0.5243307323936229,-0.4528532754544244
1.0,0.0,-0.39753686837815416,0.022479859828467903,-0.6024631316218458,-0.022479859828467903
1.0,0.0,-0.003798439293824951,0.004579489964363271,-0.996201560706175,-0.004579489964363271
1.0,0.0,-0.4993770376234001,0.731195429561611,-0.5006229623765999,-0.731195429561611
1.0,0.0,-0.14469708972984843,0.714485571435235,-0.8553029102701516,-0.714485571435235
1.0,0.0,-0.3219253047841982,0.3878364559600279,-0.6780746952158019,-0.3878364559600279
1.0,0.0,-0.2661566047733581,0.5897449274997606,-0.7338433952266419,-0.5897449274997606
1.0,0.0,-0.3600094063794557,0.5481301983772815,-0.6399905936205443,-0.5481301983772815
1.0,0.0,-0.3134739627742923,0.03834324317207098,-0.6865260372257077,-0.03834324317207098
1.0,0.0,-0.3125423700295085,0.3636442976740793,-0.6874576299704915,-0.3636442976740793
1.0,0.0,-0.43892624458135193,0.7457234659999522,-0.561073755418648,-0.7457234659999522
1.0,0.0,-0.342859343796453,0.47060069077509015,-0.657140656203547,-0.47060069077509015
1.0,0.0,-0.45301372887921776,0.5074173036997212,-0.5469862711207822,-0.5074173036997212
1.0,0.0,-0.201649890403246,0.16194517728131141,-0.798350109596754,-0.16194517728131141
1.0,0.0,-0.38061380066137024,0.4927337079549698,-0.6193861993386298,-0.4927337079549698
1.0,0.0,-0.3104086815148032,0.19754075419420836,-0.6895913184851967,-0.19754075419420836
1.0,0.0,-0.02615602954765636,0.252590025789971,-0.9738439704523436,-0.252590025789971
1.0,0.0,-0.3529018659425752,0.47842187139313214,-0.6470981340574248,-0.47842187139313214
1.0,0.0,-0.3600210545949005,0.42706727756895885,-0.6399789454050995,-0.42706727756895885
1.0,0.0,-0.09055223477113927,0.007505453515119916,-0.9094477652288607,-0.007505453515119916
1.0,0.0,-0.12793827753394055,0.15824119887714264,-0.8720617224660594,-0.15824119887714264
1.0,0.0,-0.059653022133668285,0.2885621926911498,-0.9403469778663317,-0.2885621926911498
1.0,0.0,-0.06028673984587396,0.05069247332087713,-0.939713260154126,-0.05069247332087713
1.0,0.0,-0.0009176011467803515,0.1143730517099034,-0.9990823988532197,-0.1143730517099034
1.0,0.0,-0.026080164918508928,0.05844313897653615,-0.973919835081491,-0.05844313897653615
1.0,0.0,-0.1242659630119291,0.004151331425656151,-0.8757340369880708,-0.004151331425656151
1.0,0.0,-0.17757409779574485,0.23086641104240155,-0.8224259022042552,-0.23086641104240155
1.0,0.0,-0.15534046251665112,0.5138678374084374,-0.8446595374833489,-0.5138678374084374
1.0,0.0,-0.2364240434168588,0.34215255915049303,-0.7635759565831413,-0.34215255915049303
1.0,0.0,-0.3944721766053574,0.4113664879584723,-0.6055278233946426,-0.4113664879584723
1.0,0.0,-0.38436576035333997,0.5278659263992215,-0.6156342396466601,-0.5278659263992215
1.0,0.0,-0.48648819462451337,0.7054243097811741,-0.5135118053754866,-0.7054243097811741
1.0,0.0,-0.13320025632960458,0.10034579955552676,-0.8667997436703954,-0.10034579955552676
1.0,0.0,-0.46094684778795936,0.7385857897281976,-0.5390531522120406,-0.7385857897281976
1.0,0.0,-0.10207533949518904,0.08554688449071046,-0.897924660504811,-0.08554688449071046
1.0,0.0,-0.13641639037694464,0.35507504779768423,-0.8635836096230554,-0.35507504779768423
1.0,0.0,-0.3698693006430565,0.04312904006826855,-0.6301306993569435,-0.04312904006826855
1.0,0.0,-0.3230595910056785,0.14006437908752253,-0.6769404089943215,-0.14006437908752253
1.0,0.0,-0.3060718809861113,0.20509257666789182,-0.6939281190138886,-0.20509257666789182
1.0,0.0,-0.18303353825644725,0.10041838698299871,-0.8169664617435528,-0.10041838698299871
1.0,0.0,-0.2080552005696894,0.24300995594212257,-0.7919447994303106,-0.24300995594212257
1.0,0.0,-0.025264623318222934,0.03900446037797616,-0.974735376681777,-0.03900446037797616
1.0,0.0,-0.37211269240656214,0.8244547344990646,-0.6278873075934379,-0.8244547344990646
1.0,0.0,-0.07121184358398873,0.15468556856902946,-0.9287881564160113,-0.15468556856902946
1.0,0.0,-0.3089835696761346,0.5165139267543903,-0.6910164303238654,-0.5165139267543903
1.0,0.0,-0.03901287844831322,0.7385837229139148,-0.9609871215516868,-0.7385837229139148
1.0,0.0,-0.33218484081556077,0.28855988768726976,-0.6678151591844392,-0.28855988768726976
1.0,0.0,-0.16135251728727978,0.25598661829559893,-0.8386474827127202,-0.25598661829559893
1.0,0.0,-0.22487982936098044,0.29025418158232513,-0.7751201706390196,-0.29025418158232513
1.0,0.0,-0.4117211029303385,0.4138468151240607,-0.5882788970696615,-0.4138468151240607
1.0,0.0,-0.05984345060299018,0.03783401582142916,-0.9401565493970099,-0.03783401582142916
1.0,0.0,-0.07086226107730058,0.14190311118223684,-0.9291377389226995,-0.14190311118223684
1.0,0.0,-0.1630073889086735,0.23463085563520777,-0.8369926110913265,-0.23463085563520777
1.0,0.0,-0.23130691780627888,0.37810596331740076,-0.7686930821937211,-0.37810596331740076
1.0,0.0,-0.20991322648602712,0.20554743534451891,-0.7900867735139729,-0.20554743534451891
1.0,0.0,-0.06644126755910357,0.024160109271916367,-0.9335587324408965,-0.024160109271916367
1.0,0.0,-0.057419660891765145,0.05178495784314216,-0.9425803391082348,-0.05178495784314216
1.0,0.0,-0.43587022997220115,0.7546324920634464,-0.5641297700277988,-0.7546324920634464
1.0,0.0,-0.12379371445866078,0.03801553470773596,-0.8762062855413393,-0.03801553470773596
1.0,0.0,-0.40700364356196,0.5408788377120928,-0.59299635643804,-0.5408788377120928
1.0,0.0,-0.16331650934969588,0.22785163852515128,-0.8366834906503041,-0.22785163852515128
1.0,0.0,-0.34236246155316036,0.43486303103845597,-0.6576375384468396,-0.43486303103845597
1.0,0.0,-0.3322111207369036,0.2714817068410045,-0.6677888792630964,-0.2714817068410045
1.0,0.0,-0.43669652282960947,0.611860619888146,-0.5633034771703905,-0.611860619888146
1.0,0.0,-0.47780800540878277,0.7581177402402095,-0.5221919945912172,-0.7581177402402095
1.0,0.0,-0.38308020836145235,0.605808516171801,-0.6169197916385476,-0.605808516171801
1.0,0.0,-0.1199750786854395,0.10211816557410218,-0.8800249213145606,-0.10211816557410218
1.0,0.0,-0.020494848265122694,0.1030213152612534,-0.9795051517348773,-0.1030213152612534
1.0,0.0,-0.2876776823126451,0.7247605843274126,-0.7123223176873549,-0.7247605843274126
1.0,0.0,-0.3341480903967543,0.03825182694007445,-0.6658519096032457,-0.03825182694007445
1.0,0.0,-0.29767205317190704,0.18566556806705614,-0.702327946828093,-0.18566556806705614
1.0,0.0,-0.19345702385360397,0.7506399465349466,-0.806542976146396,-0.7506399465349466
1.0,0.0,-0.42873058003243236,0.7581927154021604,-0.5712694199675676,-0.7581927154021604
1.0,0.0,-0.21409228041324166,0.6132748402092062,-0.7859077195867583,-0.6132748402092062
1.0,0.0,-0.24780382704831272,0.009058830818169954,-0.7521961729516873,-0.009058830818169954
1.0,0.0,-0.20767337027523547,0.5194071279422208,-0.7923266297247645,-0.5194071279422208
1.0,0.0,-0.35461270204727063,0.19258557779146915,-0.6453872979527293,-0.19258557779146915
1.0,0.0,-0.10563479448634755,0.7539137943082743,-0.8943652055136524,-0.7539137943082743
1.0,0.0,-0.0524608454024702,0.017520503125961786,-0.9475391545975298,-0.017520503125961786
1.0,0.0,-0.27571683233930167,0.4398774472186486,-0.7242831676606983,-0.4398774472186486
1.0,0.0,-0.1469129864964645,0.09615430676204444,-0.8530870135035356,-0.09615430676204444
1.0,0.0,-0.35518709093531275,0.5894456516167629,-0.6448129090646872,-0.5894456516167629
1.0,0.0,-0.1990750586317469,0.581274122600262,-0.8009249413682531,-0.581274122600262
1.0,0.0,-0.02898412255357261,0.40483797670343485,-0.9710158774464274,-0.40483797670343485
1.0,0.0,-0.09514415153080462,0.2343612167323609,-0.9048558484691954,-0.2343612167323609
1.0,0.0,-0.37342277111900035,0.11647869114596193,-0.6265772288809996,-0.11647869114596193
1.0,0.0,-0.07224432244398638,0.08264056140551752,-0.9277556775560136,-0.08264056140551752
1.0,0.0,-0.49802113099502554,0.6485344158931304,-0.5019788690049745,-0.6485344158931304
1.0,0.0,-0.06908437415252659,0.9769148317370573,-0.9309156258474734,-0.9769148317370573
1.0,0.0,-0.12649627654449586,0.049990852639350804,-0.8735037234555041,-0.049990852639350804
1.0,0.0,-0.34711021581898205,0.32156752297557173,-0.652889784181018,-0.32156752297557173
1.0,0.0,-0.11421182103967115,0.07118827769186997,-0.8857881789603288,-0.07118827769186997
1.0,0.0,-0.05748037952404811,0.09743008967578838,-0.9425196204759518,-0.09743008967578838
1.0,0.0,-0.38438298292276785,0.3946868171045652,-0.6156170170772322,-0.3946868171045652
1.0,0.0,-0.4245326446921659,0.7282553550303383,-0.5754673553078341,-0.7282553550303383
1.0,0.0,-0.03354590456880496,0.04522436602572384,-0.9664540954311951,-0.04522436602572384
1.0,0.0,-0.3503353768400245,0.10532755922907713,-0.6496646231599754,-0.10532755922907713
1.0,0.0,-0.40325647830921235,0.8320572837096833,-0.5967435216907877,-0.8320572837096833
1.0,0.0,-0.1739398944752052,0.19805889854718728,-0.8260601055247948,-0.19805889854718728
1.0,0.0,-0.4503635842649697,0.57568155083774,-0.5496364157350303,-0.57568155083774
1.0,0.0,-0.18060855729467923,0.09812017231021655,-0.8193914427053208,-0.09812017231021655
1.0,0.0,-0.44595369928549816,0.5606085176643334,-0.5540463007145018,-0.5606085176643334
1.0,0.0,-0.2438622804605476,0.1659471096357827,-0.7561377195394524,-0.1659471096357827
1.0,0.0,-0.1298241960911818,0.20943365497811095,-0.8701758039088182,-0.20943365497811095
1.0,0.0,-0.2777778792883808,0.4180725361629308,-0.7222221207116192,-0.4180725361629308
1.0,0.0,-0.49663545399509484,0.3996561845787562,-0.5033645460049052,-0.3996561845787562
1.0,0.0,-0.037188298789914476,0.0634060929645468,-0.9628117012100855,-0.0634060929645468
1.0,0.0,-0.4177314199189611,0.566889189048936,-0.5822685800810389,-0.566889189048936
1.0,0.0,-0.10888547959899415,0.4887022404875485,-0.8911145204010058,-0.4887022404875485
1.0,0.0,-0.005850340797891207,0.00918811901273222,-0.9941496592021088,-0.00918811901273222
1.0,0.0,-0.16265692312260333,0.030209948937248172,-0.8373430768773966,-0.030209948937248172
1.0,0.0,-0.18058498400211154,0.6174116859918807,-0.8194150159978885,-0.6174116859918807
1.0,0.0,-0.09980171229813439,0.15854459924204373,-0.9001982877018656,-0.15854459924204373
1.0,0.0,-0.4802618366211892,0.728526535121004,-0.5197381633788107,-0.728526535121004
1.0,0.0,-0.3397490500508062,0.04446409740105747,-0.6602509499491938,-0.04446409740105747
1.0,0.0,-0.48736922496880725,0.3353708335430921,-0.5126307750311927,-0.3353708335430921
1.0,0.0,-0.2528689284417145,0.06120049433351564,-0.7471310715582855,-0.06120049433351564
1.0,0.0,-0.3671869321517826,0.17793939391551944,-0.6328130678482173,-0.17793939391551944
1.0,0.0,-0.13664487910245848,0.1764362245886738,-0.8633551208975415,-0.1764362245886738
1.0,0.0,-0.20268899125653048,0.6887885688668534,-0.7973110087434695,-0.6887885688668534
1.0,0.0,-0.1610332931835694,0.2683387706272492,-0.8389667068164306,-0.2683387706272492
1.0,0.0,-0.34266858738933614,0.5598267586182419,-0.6573314126106639,-0.5598267586182419
1.0,0.0,-0.26560645689663526,0.12222866984485023,-0.7343935431033648,-0.12222866984485023
1.0,0.0,-0.06159594302721744,0.2908683479629918,-0.9384040569727825,-0.2908683479629918
1.0,0.0,-0.21761667697534762,0.8477378084023215,-0.7823833230246524,-0.8477378084023215
1.0,0.0,-0.11972320839780937,0.13987118831208367,-0.8802767916021906,-0.13987118831208367
1.0,0.0,-0.2636243517034652,0.21863950318599454,-0.7363756482965348,-0.21863950318599454
1.0,0.0,-0.19566311055959645,0.1909994954159455,-0.8043368894404035,-0.1909994954159455
1.0,0.0,-0.1296790567682334,0.3040515631429624,-0.8703209432317666,-0.3040515631429624
1.0,0.0,-0.003238355158492439,0.011152159566764847,-0.9967616448415075,-0.011152159566764847
1.0,0.0,-0.10961563372904931,0.7729725055169477,-0.8903843662709507,-0.7729725055169477
1.0,0.0,-0.09703851365323762,0.023612772364779405,-0.9029614863467623,-0.023612772364779405
1.0,0.0,-0.2091168231758853,0.06464066901162643,-0.7908831768241147,-0.06464066901162643
1.0,0.0,-0.196798471834977,0.2619147013440903,-0.803201528165023,-0.2619147013440903
1.0,0.0,-0.1492109303608371,0.6770582600873526,-0.8507890696391629,-0.6770582600873526
1.0,0.0,-0.17124477600837923,0.3944399214428703,-0.8287552239916207,-0.3944399214428703
1.0,0.0,-0.18058489481112977,0.20297605886139644,-0.8194151051888703,-0.20297605886139644
1.0,0.0,-0.34864451854691025,0.5064484437225818,-0.6513554814530897,-0.5064484437225818
1.0,0.0,-0.18303935716620384,0.12347657481651841,-0.8169606428337961,-0.12347657481651841
1.0,0.0,-0.0025584818550296222,0.013012465195381675,-0.9974415181449704,-0.013012465195381675
1.0,0.0,-0.03702826058528891,0.06358091025749944,-0.962971739414711,-0.06358091025749944
1.0,0.0,-0.012643851654497593,0.03641148957370154,-0.9873561483455024,-0.03641148957370154
1.0,0.0,-0.26092421764714085,0.3679589228608032,-0.7390757823528591,-0.3679589228608032
1.0,0.0,-0.08185155282802786,0.13985851682313058,-0.9181484471719721,-0.13985851682313058
1.0,0.0,-0.41393690799932475,0.2832411959296493,-0.5860630920006753,-0.2832411959296493
1.0,0.0,-0.3544000624833495,0.15165517349207833,-0.6455999375166506,-0.15165517349207833
1.0,0.0,-0.05501435521907577,0.2151508288627339,-0.9449856447809242,-0.2151508288627339
1.0,0.0,-0.016096429726301598,0.0253671253371011,-0.9839035702736985,-0.0253671253371011
1.0,0.0,-0.10829703212511593,0.03806006260692707,-0.891702967874884,-0.03806006260692707
1.0,0.0,-0.3661590841221151,0.8659213353104473,-0.6338409158778848,-0.8659213353104473
1.0,0.0,-0.4590306636994709,0.7163728332803745,-0.5409693363005291,-0.7163728332803745
1.0,0.0,-0.4841446593670375,0.6360986359774036,-0.5158553406329625,-0.6360986359774036
1.0,0.0,-0.2878735724569734,0.004986079434447732,-0.7121264275430266,-0.004986079434447732
1.0,0.0,-0.22184408653426715,0.9056454719557153,-0.7781559134657329,-0.9056454719557153
1.0,0.0,-0.48339536334749045,0.7610173980726148,-0.5166046366525096,-0.7610173980726148
1.0,0.0,-0.05602591633232684,0.017580224984358926,-0.9439740836676731,-0.017580224984358926
1.0,0.0,-0.03444799668557774,0.05254856422261509,-0.9655520033144223,-0.05254856422261509
1.0,0.0,-0.05062280142090242,0.020087570971529682,-0.9493771985790975,-0.020087570971529682
1.0,0.0,-0.42676726877003945,0.01785624352957603,-0.5732327312299605,-0.01785624352957603
1.0,0.0,-0.022820555620511652,0.2511802848463832,-0.9771794443794883,-0.2511802848463832
1.0,0.0,-0.018075818714699023,0.10962237751803675,-0.981924181285301,-0.10962237751803675
1.0,0.0,-0.28746208257986117,0.4280600163506941,-0.7125379174201388,-0.4280600163506941
1.0,0.0,-0.2656379555470766,0.2623525722247172,-0.7343620444529234,-0.2623525722247172
1.0,0.0,-0.11127149616496074,0.07743664674875898,-0.8887285038350392,-0.07743664674875898
1.0,0.0,-0.4049793818649592,0.6566077750966741,-0.5950206181350408,-0.6566077750966741
1.0,0.0,-0.07824378322434422,0.13477159195946273,-0.9217562167756558,-0.13477159195946273
1.0,0.0,-0.0006378993389033489,0.05398524136024439,-0.9993621006610967,-0.05398524136024439
1.0,0.0,-0.1908602372449426,0.15576183724879733,-0.8091397627550574,-0.15576183724879733
1.0,0.0,-0.11405555136292339,0.17074328375219092,-0.8859444486370767,-0.17074328375219092
1.0,0.0,-0.2611744603881695,0.6834858392536387,-0.7388255396118305,-0.6834858392536387
1.0,0.0,-0.4176310372621076,0.3588782416667601,-0.5823689627378924,-0.3588782416667601
1.0,0.0,-0.17700178272411238,0.37990961920152644,-0.8229982172758876,-0.37990961920152644
1.0,0.0,-0.3970729555711372,0.6407514465862572,-0.6029270444288628,-0.6407514465862572
1.0,0.0,-0.14987663202562623,0.01797485101950303,-0.8501233679743738,-0.01797485101950303
1.0,0.0,-0.13784611703468025,0.9671725897851602,-0.8621538829653197,-0.9671725897851602
1.0,0.0,-0.2781437396521404,0.929631545715954,-0.7218562603478595,-0.929631545715954
1.0,0.0,-0.013430272031346361,0.04618831396298173,-0.9865697279686536,-0.04618831396298173
1.0,0.0,-0.3451462493668248,0.4200448384914488,-0.6548537506331752,-0.4200448384914488
1.0,0.0,-0.02519604861166319,0.01518135532871301,-0.9748039513883369,-0.01518135532871301
1.0,0.0,-0.2628462397121152,0.3404893493217529,-0.7371537602878848,-0.3404893493217529
1.0,0.0,-0.1252061416998843,0.09394807468526341,-0.8747938583001157,-0.09394807468526341
1.0,0.0,-0.2628344631461702,0.19234229418598037,-0.7371655368538298,-0.19234229418598037
1.0,0.0,-0.01327120714016028,0.015609363198208288,-0.9867287928598397,-0.015609363198208288
1.0,0.0,-0.4772023033823169,0.7686749596922001,-0.522797696617683,-0.7686749596922001
1.0,0.0,-0.4583378450205678,0.7818549851787306,-0.5416621549794323,-0.7818549851787306
1.0,0.0,-0.12456789748377334,0.21379351290515144,-0.8754321025162266,-0.21379351290515144
1.0,0.0,-0.0005400636703472347,0.46515517023108033,-0.9994599363296528,-0.46515517023108033
1.0,0.0,-0.3387314195119093,0.30605156335469935,-0.6612685804880907,-0.30605156335469935
1.0,0.0,-0.030041138923726347,0.09022457611138625,-0.9699588610762736,-0.09022457611138625
1.0,0.0,-0.25259888826436255,0.15163258111908975,-0.7474011117356374,-0.15163258111908975
1.0,0.0,-0.19820988012829915,0.3151796970929427,-0.8017901198717008,-0.3151796970929427
1.0,0.0,-0.0024039860813922526,0.03311216826819637,-0.9975960139186077,-0.03311216826819637
1.0,0.0,-0.24591873079422716,0.24603060696734474,-0.7540812692057728,-0.24603060696734474
1.0,0.0,-0.2724768687182173,0.18101789716321606,-0.7275231312817827,-0.18101789716321606
1.0,0.0,-0.22177303242012342,0.22570309798516985,-0.7782269675798765,-0.22570309798516985
1.0,0.0,-0.2795855344029656,0.7660061655676965,-0.7204144655970344,-0.7660061655676965
1.0,0.0,-0.398055023191361,0.9171459191382848,-0.601944976808639,-0.9171459191382848
1.0,0.0,-0.24822823373581726,0.310233704817031,-0.7517717662641827,-0.310233704817031
1.0,0.0,-0.02892587329874674,0.01078578079073129,-0.9710741267012533,-0.01078578079073129
1.0,0.0,-0.2435797305772961,0.08942240733175016,-0.7564202694227039,-0.08942240733175016
1.0,0.0,-0.42995439368545085,0.8709130075505657,-0.5700456063145491,-0.8709130075505657
1.0,0.0,-0.03885047286240878,0.15213278271525937,-0.9611495271375912,-0.15213278271525937
1.0,0.0,-0.31899889503025447,0.0025243516180841153,-0.6810011049697455,-0.0025243516180841153
1.0,0.0,-0.3806995239087009,0.5736938423093683,-0.6193004760912991,-0.5736938423093683
1.0,0.0,-0.32945832266194247,0.09745061032185076,-0.6705416773380575,-0.09745061032185076
1.0,0.0,-0.155400056826968,0.07854839488743968,-0.844599943173032,-0.07854839488743968
1.0,0.0,-0.2724134911631375,0.9286989731123761,-0.7275865088368625,-0.9286989731123761
1.0,0.0,-0.28070649312534407,0.9371731468792378,-0.719293506874656,-0.9371731468792378
1.0,0.0,-0.47265409882943255,0.8134955674323273,-0.5273459011705675,-0.8134955674323273
1.0,0.0,-0.10990117620979152,0.7186242406941774,-0.8900988237902084,-0.7186242406941774
1.0,0.0,-0.3722985323208356,0.19857547806675677,-0.6277014676791643,-0.19857547806675677
1.0,0.0,-0.4960715778106138,0.5620791261737014,-0.5039284221893863,-0.5620791261737014
1.0,0.0,-0.050997946079684525,0.214656259731702,-0.9490020539203154,-0.214656259731702
1.0,0.0,-0.464548314347704,0.6936092024610149,-0.535451685652296,-0.6936092024610149
1.0,0.0,-0.47788543765902824,0.7014162784950667,-0.5221145623409718,-0.7014162784950667
1.0,0.0,-0.3884977842648005,0.30411894117045946,-0.6115022157351995,-0.30411894117045946
1.0,0.0,-0.26420719886066224,0.3665960347089355,-0.7357928011393378,-0.3665960347089355
1.0,0.0,-0.2913959750685588,0.42195354832643966,-0.7086040249314411,-0.42195354832643966
1.0,0.0,-0.19568910034050102,0.5648117118990366,-0.804310899659499,-0.5648117118990366
1.0,0.0,-0.08379984132208945,0.06078263875801069,-0.9162001586779105,-0.06078263875801069
1.0,0.0,-0.028767981710468016,0.0245903966347024,-0.971232018289532,-0.0245903966347024
1.0,0.0,-0.12376163992060141,0.1817906132940788,-0.8762383600793986,-0.1817906132940788
1.0,0.0,-0.4235088997419566,0.4627937206785243,-0.5764911002580434,-0.4627937206785243
1.0,0.0,-0.10921227478419307,0.39412067969811504,-0.890787725215807,-0.39412067969811504
1.0,0.0,-0.08389749377176837,0.4326123657799952,-0.9161025062282316,-0.4326123657799952
1.0,0.0,-0.12438112836298498,0.1206093919685709,-0.875618871637015,-0.1206093919685709
1.0,0.0,-0.17787185459580163,0.07282270643439673,-0.8221281454041984,-0.07282270643439673
1.0,0.0,-0.032374806212938194,0.2622718934776915,-0.9676251937870618,-0.2622718934776915
1.0,0.0,-0.4328570706453562,0.26071025807670517,-0.5671429293546437,-0.26071025807670517
1.0,0.0,-0.3320854212478353,0.8673914993469721,-0.6679145787521648,-0.8673914993469721
1.0,0.0,-0.3323204756278115,0.008542738685045717,-0.6676795243721885,-0.008542738685045717
1.0,0.0,-0.20989534187631714,0.3371738498522813,-0.7901046581236828,-0.3371738498522813
1.0,0.0,-0.399971026198602,0.6331570840336328,-0.600028973801398,-0.6331570840336328
1.0,0.0,-0.33403663905347586,0.22493008148856775,-0.6659633609465241,-0.22493008148856775
1.0,0.0,-0.025803095417253535,0.5075850330128625,-0.9741969045827464,-0.5075850330128625
1.0,0.0,-0.4985284898920835,0.20574931344339395,-0.5014715101079166,-0.20574931344339395
1.0,0.0,-0.4383273529847762,0.706729355120219,-0.5616726470152238,-0.706729355120219
1.0,0.0,-0.12974676047578998,0.21512534088103294,-0.87025323952421,-0.21512534088103294
1.0,0.0,-0.49179499198508697,0.033970739266466175,-0.508205008014913,-0.033970739266466175
1.0,0.0,-0.07070835411926019,0.06575903037298181,-0.9292916458807399,-0.06575903037298181
1.0,0.0,-0.05152610737480706,0.045075185084105046,-0.948473892625193,-0.045075185084105046
1.0,0.0,-0.008047600858252624,0.007277818986807924,-0.9919523991417474,-0.007277818986807924
1.0,0.0,-0.3162769910782532,0.17725346149522844,-0.6837230089217468,-0.17725346149522844
1.0,0.0,-0.023085896167119795,0.36024605617293415,-0.9769141038328802,-0.36024605617293415
1.0,0.0,-0.4154656990311528,0.11153335106818188,-0.5845343009688472,-0.11153335106818188
1.0,0.0,-0.41004174232803314,0.6961918766622741,-0.5899582576719669,-0.6961918766622741
1.0,0.0,-0.3729184966783155,0.6129905343842041,-0.6270815033216846,-0.6129905343842041
1.0,0.0,-0.14648516781006532,0.31476877353445304,-0.8535148321899346,-0.31476877353445304
1.0,0.0,-0.2017907868886647,0.00940896799851702,-0.7982092131113353,-0.00940896799851702
1.0,0.0,-0.012550693294225031,0.21577045227360306,-0.987449306705775,-0.21577045227360306
1.0,0.0,-0.08026999524072351,0.19476332861117227,-0.9197300047592765,-0.19476332861117227
1.0,0.0,-0.041925829808160064,0.07110372563278404,-0.9580741701918399,-0.07110372563278404
1.0,0.0,-0.06520777723191563,0.44870957029479075,-0.9347922227680844,-0.44870957029479075
1.0,0.0,-0.2176086438048524,0.07916387846607156,-0.7823913561951477,-0.07916387846607156
1.0,0.0,-0.21129572688184525,0.47667023024158195,-0.7887042731181547,-0.47667023024158195
1.0,0.0,-0.0980908338637612,0.17464889120580093,-0.9019091661362388,-0.17464889120580093
1.0,0.0,-0.055269992550129834,0.26066917061095796,-0.9447300074498701,-0.26066917061095796
1.0,0.0,-0.00035225743052663157,0.2009089885979999,-0.9996477425694734,-0.2009089885979999
1.0,0.0,-0.22263775488357002,0.44049700985752477,-0.7773622451164299,-0.44049700985752477
1.0,0.0,-0.34155579315260276,0.5455695124244955,-0.6584442068473972,-0.5455695124244955
1.0,0.0,-0.0003173138225219353,0.5910795009906371,-0.999682686177478,-0.5910795009906371
1.0,0.0,-0.32730567101232294,0.04809978864643147,-0.672694328987677,-0.04809978864643147
1.0,0.0,-0.3591057517221167,0.6071371294049744,-0.6408942482778833,-0.6071371294049744
1.0,0.0,-0.10215073260774243,0.05854841018446443,-0.8978492673922576,-0.05854841018446443
1.0,0.0,-0.34405766203322247,0.20146448028384542,-0.6559423379667775,-0.20146448028384542
1.0,0.0,-0.20589038670706994,0.32229443818586695,-0.7941096132929301,-0.32229443818586695
1.0,0.0,-0.1246820828754992,0.0022960769861348003,-0.8753179171245008,-0.0022960769861348003
1.0,0.0,-0.3207034792307365,0.9296131743131826,-0.6792965207692635,-0.9296131743131826
1.0,0.0,-0.3546723285210028,0.6061352397811552,-0.6453276714789973,-0.6061352397811552
1.0,0.0,-0.12682008778390497,0.42955335356304863,-0.873179912216095,-0.42955335356304863
1.0,0.0,-0.11219507158578601,0.13378340572485228,-0.887804928414214,-0.13378340572485228
1.0,0.0,-0.1038930738407371,0.0004576056841148149,-0.8961069261592629,-0.0004576056841148149
1.0,0.0,-0.11509980484666837,0.4206458316369251,-0.8849001951533316,-0.4206458316369251
1.0,0.0,-0.048873251104145116,0.8612087897199634,-0.9511267488958549,-0.8612087897199634
1.0,0.0,-0.012929316733963843,0.6865166653570345,-0.9870706832660362,-0.6865166653570345
1.0,0.0,-0.051337197019469934,0.42844031254657755,-0.9486628029805301,-0.42844031254657755
1.0,0.0,-0.4674980834624194,0.6400826233782703,-0.5325019165375806,-0.6400826233782703
1.0,0.0,-0.03731938190227807,0.02100452964131896,-0.9626806180977219,-0.02100452964131896
1.0,0.0,-0.18947638650409193,0.327522811343067,-0.8105236134959081,-0.327522811343067
1.0,0.0,-0.08038571981617831,0.12752922425310334,-0.9196142801838216,-0.12752922425310334
1.0,0.0,-0.12227102323833705,0.17431462428669997,-0.877728976761663,-0.17431462428669997
1.0,0.0,-0.39881650926672485,0.5254349493905068,-0.6011834907332751,-0.5254349493905068
1.0,0.0,-0.31087921826177894,0.0657577088656709,-0.689120781738221,-0.0657577088656709
1.0,0.0,-0.2373098606084139,0.46030755035102716,-0.7626901393915861,-0.46030755035102716
1.0,0.0,-0.4626269821855652,0.13817173695049148,-0.5373730178144348,-0.13817173695049148
1.0,0.0,-0.01301252724942473,0.03248869393231166,-0.9869874727505753,-0.03248869393231166
1.0,0.0,-0.47933859527267636,0.4990754839245331,-0.5206614047273237,-0.4990754839245331
1.0,0.0,-0.25747445591347917,0.3777903455528573,-0.7425255440865208,-0.3777903455528573
1.0,0.0,-0.17413548865228629,0.2120433799062628,-0.8258645113477137,-0.2120433799062628
1.0,0.0,-0.011224993679936292,0.5636544850105704,-0.9887750063200637,-0.5636544850105704
1.0,0.0,-0.09561004933394163,0.1139012223966127,-0.9043899506660584,-0.1139012223966127
1.0,0.0,-0.05485711360159973,0.39658775873183816,-0.9451428863984003,-0.39658775873183816
1.0,0.0,-0.4109379622139557,0.1629761987172125,-0.5890620377860443,-0.1629761987172125
1.0,0.0,-0.004662643887574142,0.015297068216543011,-0.9953373561124259,-0.015297068216543011
1.0,0.0,-0.45134583684951013,0.5547632169600764,-0.5486541631504899,-0.5547632169600764
1.0,0.0,-0.027738314663365404,0.028103290752267945,-0.9722616853366346,-0.028103290752267945
1.0,0.0,-0.09346011532111341,0.3230227250800286,-0.9065398846788866,-0.3230227250800286
1.0,0.0,-0.06245577997366508,0.04712905939703513,-0.9375442200263349,-0.04712905939703513
1.0,0.0,-0.19849655986653864,0.8323315730821104,-0.8015034401334613,-0.8323315730821104
1.0,0.0,-0.4538688991480257,0.19644292359434287,-0.5461311008519742,-0.19644292359434287
1.0,0.0,-0.292930268872478,0.29934111085493786,-0.707069731127522,-0.29934111085493786
1.0,0.0,-0.24363073184742048,0.9385605943624108,-0.7563692681525795,-0.9385605943624108
1.0,0.0,-0.04543265029877095,0.0947089089748751,-0.954567349701229,-0.0947089089748751
1.0,0.0,-0.25495435039721315,0.06707891098920098,-0.7450456496027869,-0.06707891098920098
1.0,0.0,-0.09790441752086908,0.5565285374229003,-0.9020955824791309,-0.5565285374229003
1.0,0.0,-0.2394394227821673,0.18725971539306954,-0.7605605772178328,-0.18725971539306954
1.0,0.0,-0.01887946684376147,0.33780075678712534,-0.9811205331562385,-0.33780075678712534
1.0,0.0,-0.20450797175965996,0.5312672440562666,-0.79549202824034,-0.5312672440562666
1.0,0.0,-0.0632242337139533,0.08177857838946907,-0.9367757662860468,-0.08177857838946907
1.0,0.0,-0.014471401888983524,0.24225076675862847,-0.9855285981110165,-0.24225076675862847
1.0,0.0,-0.07150368170829885,0.09392049266559149,-0.9284963182917012,-0.09392049266559149
1.0,0.0,-0.14099266070336344,0.3657504521895636,-0.8590073392966365,-0.3657504521895636
1.0,0.0,-0.3333742873274148,0.19960373655265418,-0.6666257126725852,-0.19960373655265418
1.0,0.0,-0.38582425855099917,0.6899260695494142,-0.6141757414490008,-0.6899260695494142
1.0,0.0,-0.14330003602941344,0.2103847532348779,-0.8566999639705866,-0.2103847532348779
1.0,0.0,-0.08327216865447978,0.12354419440608203,-0.9167278313455203,-0.12354419440608203
1.0,0.0,-0.413591740869315,0.8903405648793006,-0.586408259130685,-0.8903405648793006
1.0,0.0,-0.13014859144600854,0.003158044975704811,-0.8698514085539915,-0.003158044975704811
1.0,0.0,-0.4854546881251065,0.7663360778810427,-0.5145453118748935,-0.7663360778810427
1.0,0.0,-0.46201693121407883,0.09343095785549152,-0.5379830687859212,-0.09343095785549152
1.0,0.0,-0.278440598029448,0.5713380650539259,-0.721559401970552,-0.5713380650539259
1.0,0.0,-0.2083416429108838,0.005549797948493404,-0.7916583570891162,-0.005549797948493404
1.0,0.0,-0.0010426132365664907,0.009983162879636952,-0.9989573867634335,-0.009983162879636952
1.0,0.0,-0.46586231377995957,0.17485531038186394,-0.5341376862200404,-0.17485531038186394
1.0,0.0,-0.049046753469698494,0.10020385839887115,-0.9509532465303016,-0.10020385839887115
1.0,0.0,-0.1641501537853679,0.18718173668621793,-0.8358498462146321,-0.18718173668621793
1.0,0.0,-0.2786338725554822,0.34146982814735405,-0.7213661274445178,-0.34146982814735405
1.0,0.0,-0.36313081781785483,0.4184139489849058,-0.6368691821821452,-0.4184139489849058
1.0,0.0,-0.48497647697654667,0.7500878721361341,-0.5150235230234533,-0.7500878721361341
1.0,0.0,-0.23320641544689907,0.16691599835747725,-0.7667935845531009,-0.16691599835747725
1.0,0.0,-0.42724775169247353,0.16366425840467566,-0.5727522483075265,-0.16366425840467566
1.0,0.0,-0.029539043812824087,0.3435253006524563,-0.9704609561871759,-0.3435253006524563
1.0,0.0,-0.0018492990458892078,0.001687617094469367,-0.9981507009541108,-0.001687617094469367
1.0,0.0,-0.055277064858613376,0.3763240733009618,-0.9447229351413866,-0.3763240733009618
1.0,0.0,-0.48949167499068724,0.09245405314403798,-0.5105083250093128,-0.09245405314403798
1.0,0.0,-0.31799197934971124,0.27721667903852587,-0.6820080206502888,-0.27721667903852587
1.0,0.0,-0.15296849999395062,0.4247766659172323,-0.8470315000060493,-0.4247766659172323
1.0,0.0,-0.24446180194061204,0.6861274701232186,-0.7555381980593879,-0.6861274701232186
1.0,0.0,-0.22342063871773965,0.010651404555157274,-0.7765793612822603,-0.010651404555157274
1.0,0.0,-0.08043111620205676,0.25831569542114224,-0.9195688837979432,-0.25831569542114224
1.0,0.0,-0.44347353857070004,0.3713870381820135,-0.5565264614293,-0.3713870381820135
1.0,0.0,-0.491265531352357,0.046337022351519035,-0.5087344686476429,-0.046337022351519035
1.0,0.0,-0.049719083026646016,0.050596175295782836,-0.9502809169733539,-0.050596175295782836
1.0,0.0,-0.31501511375172625,0.4129125948626197,-0.6849848862482737,-0.4129125948626197
1.0,0.0,-0.44357071922010693,0.6967064163294377,-0.5564292807798931,-0.6967064163294377
1.0,0.0,-0.18162688675138455,0.8440348375026597,-0.8183731132486154,-0.8440348375026597
1.0,0.0,-0.33448157854351973,0.9007767476767231,-0.6655184214564802,-0.9007767476767231
1.0,0.0,-0.48222890828001236,0.8120034640165849,-0.5177710917199876,-0.8120034640165849
1.0,0.0,-0.12254327498998191,0.05871761921403072,-0.877456725010018,-0.05871761921403072
1.0,0.0,-0.4634869634764655,0.6066194292269623,-0.5365130365235344,-0.6066194292269623
1.0,0.0,-0.38452587006246325,0.18043438546022045,-0.6154741299375368,-0.18043438546022045
1.0,0.0,-0.495845308758012,0.4366109567780667,-0.504154691241988,-0.4366109567780667
1.0,0.0,-0.31624192800285483,0.8245895748844665,-0.6837580719971452,-0.8245895748844665
1.0,0.0,-0.18414826876870038,0.14684569468286468,-0.8158517312312996,-0.14684569468286468
1.0,0.0,-0.10695134716444443,0.006152200509219615,-0.8930486528355556,-0.006152200509219615
1.0,0.0,-0.28534167455314874,0.2245494175085789,-0.7146583254468513,-0.2245494175085789
1.0,0.0,-0.49343397001589395,0.4587208231702909,-0.506566029984106,-0.4587208231702909
1.0,0.0,-0.3304229153393886,0.7271122061804972,-0.6695770846606114,-0.7271122061804972
1.0,0.0,-0.06317101302247781,0.4176408937319645,-0.9368289869775221,-0.4176408937319645
1.0,0.0,-0.11821228330773796,0.9928890889639728,-0.8817877166922621,-0.9928890889639728
1.0,0.0,-0.1424421693113428,0.24481092536902116,-0.8575578306886572,-0.24481092536902116
1.0,0.0,-0.18366089013907128,0.09058653816223702,-0.8163391098609287,-0.09058653816223702
1.0,0.0,-0.0139492724942466,0.022627356082694755,-0.9860507275057534,-0.022627356082694755
1.0,0.0,-0.3002708477451081,0.6482700650546491,-0.6997291522548919,-0.6482700650546491
1.0,0.0,-0.007150551144214587,0.8172768877135689,-0.9928494488557854,-0.8172768877135689
1.0,0.0,-0.09758619667452956,0.043310971327379356,-0.9024138033254705,-0.043310971327379356
1.0,0.0,-0.022325340577515007,0.011874869967801545,-0.977674659422485,-0.011874869967801545
1.0,0.0,-0.04944798948746559,0.08514660359818416,-0.9505520105125345,-0.08514660359818416
1.0,0.0,-0.09552750034359259,0.13696244106855662,-0.9044724996564074,-0.13696244106855662
1.0,0.0,-0.25427656831331114,0.3985509859541937,-0.7457234316866889,-0.3985509859541937
1.0,0.0,-0.040468815864132944,0.7733587782980861,-0.959531184135867,-0.7733587782980861
1.0,0.0,-0.39912836741010865,0.3620682545176734,-0.6008716325898913,-0.3620682545176734
1.0,0.0,-0.41932434377646005,0.6364084298622353,-0.58067565622354,-0.6364084298622353
1.0,0.0,-0.1825752551098857,0.2672817400222785,-0.8174247448901143,-0.2672817400222785
1.0,0.0,-0.10463499517735801,0.19641451505686644,-0.895365004822642,-0.19641451505686644
1.0,0.0,-0.4021142355979707,0.4916431177047619,-0.5978857644020292,-0.4916431177047619
1.0,0.0,-0.18503507396253266,0.14817960051055135,-0.8149649260374674,-0.14817960051055135
1.0,0.0,-0.020355060458343843,0.011109557058835567,-0.9796449395416562,-0.011109557058835567
1.0,0.0,-0.10571900890312824,0.14887117403244315,-0.8942809910968718,-0.14887117403244315
1.0,0.0,-0.16891749633220624,0.6979575322655839,-0.8310825036677938,-0.6979575322655839
1.0,0.0,-0.4537529715344124,0.7150859177751425,-0.5462470284655876,-0.7150859177751425
1.0,0.0,-0.27317066175544913,0.36775332950416517,-0.7268293382445509,-0.36775332950416517
1.0,0.0,-0.119644189152413,0.9084673172280135,-0.880355810847587,-0.9084673172280135
1.0,0.0,-0.1577487801737623,0.40551991912850444,-0.8422512198262377,-0.40551991912850444
1.0,0.0,-0.16800413683629517,0.25557393224735364,-0.8319958631637048,-0.25557393224735364
1.0,0.0,-0.07257547725811547,0.0018583008603535902,-0.9274245227418845,-0.0018583008603535902
1.0,0.0,-0.23515981841966682,0.2910264084256913,-0.7648401815803332,-0.2910264084256913
1.0,0.0,-0.104456512061043,0.10666462420612495,-0.895543487938957,-0.10666462420612495
1.0,0.0,-0.4117138315374461,0.10537158444918915,-0.5882861684625539,-0.10537158444918915
1.0,0.0,-0.36041008247720413,0.6019743212713689,-0.6395899175227959,-0.6019743212713689
1.0,0.0,-0.0313545736868075,0.1850581527818582,-0.9686454263131925,-0.1850581527818582
1.0,0.0,-0.43600468676801524,0.28807664393948335,-0.5639953132319848,-0.28807664393948335
1.0,0.0,-0.16413088245025328,0.6269517255377907,-0.8358691175497467,-0.6269517255377907
1.0,0.0,-0.23536146578436395,0.21937810414308737,-0.7646385342156361,-0.21937810414308737
1.0,0.0,-0.2855522457805081,0.008918756261975256,-0.7144477542194919,-0.008918756261975256
1.0,0.0,-0.02295111496511082,0.02233425232371447,-0.9770488850348892,-0.02233425232371447
1.0,0.0,-0.035518818124609705,0.6443426549514552,-0.9644811818753903,-0.6443426549514552
1.0,0.0,-0.08934006813082927,0.606951219046527,-0.9106599318691707,-0.606951219046527
1.0,0.0,-0.13902191060279828,0.06679986405188612,-0.8609780893972017,-0.06679986405188612
1.0,0.0,-0.07613539018733344,0.42469390357218567,-0.9238646098126666,-0.42469390357218567
1.0,0.0,-0.009112700381871392,0.24351973805788754,-0.9908872996181286,-0.24351973805788754
1.0,0.0,-0.23604773508521323,0.7197837574211325,-0.7639522649147867,-0.7197837574211325
1.0,0.0,-0.12333330291672595,0.18675581615826273,-0.876666697083274,-0.18675581615826273
1.0,0.0,-0.2862724126841529,0.019299630574887587,-0.7137275873158471,-0.019299630574887587
1.0,0.0,-0.36210172559876347,0.6501535321030775,-0.6378982744012365,-0.6501535321030775
1.0,0.0,-0.12187329896062638,0.08715257903662982,-0.8781267010393736,-0.08715257903662982
1.0,0.0,-0.4734081571371394,0.46878558419155,-0.5265918428628606,-0.46878558419155
1.0,0.0,-0.36575478864306005,0.19973915625590585,-0.6342452113569399,-0.19973915625590585
1.0,0.0,-0.19882316211477713,0.3360009918390621,-0.8011768378852229,-0.3360009918390621
1.0,0.0,-0.21554235233923957,0.15098036698298442,-0.7844576476607604,-0.15098036698298442
1.0,0.0,-0.05428346018445437,0.9235165572643498,-0.9457165398155456,-0.9235165572643498
1.0,0.0,-0.002686688794463837,0.011031121298496819,-0.9973133112055361,-0.011031121298496819
1.0,0.0,-0.41396128118767395,0.6107551352725312,-0.586038718812326,-0.6107551352725312
1.0,0.0,-0.05060100893257652,0.04409398402338837,-0.9493989910674234,-0.04409398402338837
1.0,0.0,-0.21966028758636744,0.46176677830329305,-0.7803397124136325,-0.46176677830329305
1.0,0.0,-0.26809357867837214,0.36284329105565466,-0.7319064213216279,-0.36284329105565466
1.0,0.0,-0.3827252762904201,0.04436303995131452,-0.6172747237095799,-0.04436303995131452
1.0,0.0,-0.08380023837755203,0.25311749200572536,-0.916199761622448,-0.25311749200572536
1.0,0.0,-0.47318916607028066,0.21434626059715414,-0.5268108339297193,-0.21434626059715414
1.0,0.0,-0.19242347504053925,0.09044176407610721,-0.8075765249594608,-0.09044176407610721
1.0,0.0,-0.13809422224739654,0.2311799505212795,-0.8619057777526035,-0.2311799505212795
1.0,0.0,-0.0973270497525916,0.13325884456879708,-0.9026729502474085,-0.13325884456879708
1.0,0.0,-0.0432692301999551,0.07328004549904404,-0.9567307698000449,-0.07328004549904404
1.0,0.0,-0.09597291626774479,0.028010112978130722,-0.9040270837322553,-0.028010112978130722
1.0,0.0,-0.3707412714323574,0.5687621094767283,-0.6292587285676425,-0.5687621094767283
1.0,0.0,-0.4247872943442543,0.7208532070640368,-0.5752127056557457,-0.7208532070640368
1.0,0.0,-0.0732019321958515,0.7020128722150834,-0.9267980678041485,-0.7020128722150834
1.0,0.0,-0.26489155090997835,0.0713366901894037,-0.7351084490900217,-0.0713366901894037
1.0,0.0,-0.2320942036803721,0.26325943813408326,-0.7679057963196279,-0.26325943813408326
1.0,0.0,-0.044119606054365046,0.0397154739075585,-0.955880393945635,-0.0397154739075585
1.0,0.0,-0.40289389556952204,0.7110473470984824,-0.597106104430478,-0.7110473470984824
1.0,0.0,-0.4943653720691289,0.5903292652846724,-0.5056346279308711,-0.5903292652846724
1.0,0.0,-0.4598790995070527,0.6707992925756765,-0.5401209004929473,-0.6707992925756765
1.0,0.0,-0.0020229147408634125,0.07369809410224848,-0.9979770852591366,-0.07369809410224848
1.0,0.0,-0.172749088925988,0.4770625824126133,-0.827250911074012,-0.4770625824126133
1.0,0.0,-0.013755760844442466,0.19292408835084945,-0.9862442391555575,-0.19292408835084945
1.0,0.0,-0.33398519361420637,0.39455977606977427,-0.6660148063857936,-0.39455977606977427
1.0,0.0,-0.0008461019548727481,0.6478064263450825,-0.9991538980451272,-0.6478064263450825
1.0,0.0,-0.22419447088016992,0.7741879223976207,-0.77580552911983,-0.7741879223976207
1.0,0.0,-0.20397484056414295,0.017656751524974017,-0.796025159435857,-0.017656751524974017
1.0,0.0,-0.34985014887327565,0.9287912420957355,-0.6501498511267243,-0.9287912420957355
1.0,0.0,-0.30160271789711784,0.3164343806890469,-0.6983972821028821,-0.3164343806890469
1.0,0.0,-0.3633536713842608,0.3024503950031709,-0.6366463286157392,-0.3024503950031709
1.0,0.0,-0.04295642290245263,0.2763786858304236,-0.9570435770975474,-0.2763786858304236
1.0,0.0,-0.49507305885673714,0.7015092586225129,-0.5049269411432629,-0.7015092586225129
1.0,0.0,-0.23521861745828593,0.1277059589025051,-0.764781382541714,-0.1277059589025051
1.0,0.0,-0.36760729386225977,0.29690459434359356,-0.6323927061377402,-0.29690459434359356
1.0,0.0,-0.27848652219697945,0.45687990832284053,-0.7215134778030206,-0.45687990832284053
1.0,0.0,-0.2040851563082193,0.9476208737348825,-0.7959148436917807,-0.9476208737348825
1.0,0.0,-0.14782056542569766,0.3430503997252415,-0.8521794345743023,-0.3430503997252415
1.0,0.0,-0.06566751861704145,0.07986941272543865,-0.9343324813829585,-0.07986941272543865
1.0,0.0,-0.3525616053941414,0.6284799678419235,-0.6474383946058586,-0.6284799678419235
1.0,0.0,-0.15424499768720468,0.526971395663026,-0.8457550023127953,-0.526971395663026
1.0,0.0,-0.2368817287993451,0.17712191166386765,-0.7631182712006549,-0.17712191166386765
1.0,0.0,-0.06157230116406881,0.07710567837621482,-0.9384276988359312,-0.07710567837621482
1.0,0.0,-0.07175133918960808,0.0727202148383816,-0.9282486608103919,-0.0727202148383816
1.0,0.0,-0.4268934234472086,0.4247045606413119,-0.5731065765527914,-0.4247045606413119
1.0,0.0,-0.054801162529096135,0.48558322631875567,-0.9451988374709038,-0.48558322631875567
1.0,0.0,-0.4462524993257749,0.8318649205251895,-0.5537475006742252,-0.8318649205251895
1.0,0.0,-0.1792224214915899,0.2537425377995678,-0.8207775785084102,-0.2537425377995678
1.0,0.0,-0.2788881701748029,0.05027974834188077,-0.7211118298251971,-0.05027974834188077
1.0,0.0,-0.03377596919922359,0.6171122576107609,-0.9662240308007765,-0.6171122576107609
1.0,0.0,-0.24596660971914996,0.0581861660034836,-0.75403339028085,-0.0581861660034836
1.0,0.0,-0.10646517112614268,0.14274022461556418,-0.8935348288738574,-0.14274022461556418
1.0,0.0,-0.48456592129359477,0.17134046376667883,-0.5154340787064052,-0.17134046376667883
1.0,0.0,-0.4566642156955845,0.36346148830359404,-0.5433357843044155,-0.36346148830359404
1.0,0.0,-0.3344813021548616,0.563070045985036,-0.6655186978451384,-0.563070045985036
1.0,0.0,-0.014286087794198099,0.012021889600067552,-0.9857139122058018,-0.012021889600067552
1.0,0.0,-0.451048252818345,0.5028970281759418,-0.548951747181655,-0.5028970281759418
1.0,0.0,-0.1526532939394574,0.4955790148481171,-0.8473467060605426,-0.4955790148481171
1.0,0.0,-0.40124355300978587,0.41884705756590956,-0.5987564469902141,-0.41884705756590956
1.0,0.0,-0.1852737298361931,0.2678160725388849,-0.8147262701638069,-0.2678160725388849
1.0,0.0,-0.40892239859177837,0.4846541983488715,-0.5910776014082216,-0.4846541983488715
1.0,0.0,-0.3021471462578619,0.03977907592809534,-0.6978528537421381,-0.03977907592809534
1.0,0.0,-0.4696620818171333,0.805984269494741,-0.5303379181828667,-0.805984269494741
1.0,0.0,-0.3442390456549107,0.4216978280438397,-0.6557609543450893,-0.4216978280438397
1.0,0.0,-0.15077633087797127,0.3885688967755093,-0.8492236691220287,-0.3885688967755093
1.0,0.0,-0.008277991373367176,0.41723661809560375,-0.9917220086266328,-0.41723661809560375
1.0,0.0,-0.20387072632421865,0.30877930161336115,-0.7961292736757813,-0.30877930161336115
1.0,0.0,-0.012430126040961815,0.06353752643472849,-0.9875698739590382,-0.06353752643472849
1.0,0.0,-0.09188384006104997,0.41421561382985694,-0.90811615993895,-0.41421561382985694
1.0,0.0,-0.17485669019079475,0.19855900124861892,-0.8251433098092052,-0.19855900124861892
1.0,0.0,-0.16199896438966832,0.05456114649714466,-0.8380010356103317,-0.05456114649714466
1.0,0.0,-0.15398136303602566,0.037574350374780116,-0.8460186369639744,-0.037574350374780116
1.0,0.0,-0.43474547041302186,0.8668967980884873,-0.5652545295869782,-0.8668967980884873
1.0,0.0,-0.18201400928994615,0.4712922661888014,-0.8179859907100538,-0.4712922661888014
1.0,0.0,-0.4995203058832714,0.8046400207966963,-0.5004796941167287,-0.8046400207966963
1.0,0.0,-0.2986283335496834,0.29640689107568247,-0.7013716664503167,-0.29640689107568247
1.0,0.0,-0.00020582324516225982,0.0033358782648590405,-0.9997941767548377,-0.0033358782648590405
1.0,0.0,-0.4031204678822059,0.1935229966657515,-0.5968795321177941,-0.1935229966657515
1.0,0.0,-0.3503714778281797,0.7467252275230085,-0.6496285221718203,-0.7467252275230085
1.0,0.0,-0.31339515311329935,0.13425700644663613,-0.6866048468867006,-0.13425700644663613
1.0,0.0,-0.0893845080589522,0.09080380921689742,-0.9106154919410478,-0.09080380921689742
1.0,0.0,-0.01104843325264837,0.015005977631240926,-0.9889515667473516,-0.015005977631240926
1.0,0.0,-0.4314963973600204,0.5863837278552253,-0.5685036026399797,-0.5863837278552253
1.0,0.0,-0.036318795512222224,0.0035555463251789703,-0.9636812044877778,-0.0035555463251789703
1.0,0.0,-0.23122905550233663,0.1014072805810096,-0.7687709444976634,-0.1014072805810096
1.0,0.0,-0.4463683858547939,0.7109934340406632,-0.5536316141452061,-0.7109934340406632
1.0,0.0,-0.02735516590575853,0.06704521810528133,-0.9726448340942415,-0.06704521810528133
1.0,0.0,-0.1169949718789041,0.27092326654804577,-0.8830050281210959,-0.27092326654804577
1.0,0.0,-0.4879242478642654,0.7921478552519045,-0.5120757521357346,-0.7921478552519045
1.0,0.0,-0.06484569901019199,0.32089576628762395,-0.935154300989808,-0.32089576628762395
1.0,0.0,-0.2754634158097862,0.7599083221123234,-0.7245365841902138,-0.7599083221123234
1.0,0.0,-0.29771693435801305,0.3865962365795029,-0.702283065641987,-0.3865962365795029
1.0,0.0,-0.12865594213865722,0.5097111306795612,-0.8713440578613427,-0.5097111306795612
1.0,0.0,-0.29990705040633225,0.23462601372661435,-0.7000929495936677,-0.23462601372661435
1.0,0.0,-0.30548798945072436,0.3142800416219089,-0.6945120105492757,-0.3142800416219089
1.0,0.0,-0.44337379585883563,0.6209905712962676,-0.5566262041411644,-0.6209905712962676
1.0,0.0,-0.0695929215625567,0.07682179701391204,-0.9304070784374433,-0.07682179701391204
1.0,0.0,-0.36768569305412396,0.6143978281371312,-0.6323143069458761,-0.6143978281371312
1.0,0.0,-0.36797246471998496,0.3969973624414001,-0.6320275352800151,-0.3969973624414001
1.0,0.0,-0.07096828454870314,0.5351241174509449,-0.9290317154512968,-0.5351241174509449
1.0,0.0,-0.25009679908174265,0.3159785629262014,-0.7499032009182574,-0.3159785629262014
1.0,0.0,-0.2259572436165961,0.4804780246084063,-0.7740427563834039,-0.4804780246084063